 0 1 2 3 4
360 0.25037983 0.03010973 -0.16578032 -0.8160806 1.3444473
0 1.1843917 -0.15299968 -0.3075104 -0.028075019 -1.1109228
361 -0.39575687 1.3544207 -0.48041537 0.52889186 -2.1875994
362 1.1449194 0.31533137 0.88600206 1.5283588 -0.5659019
363 -0.045352343 1.1458815 1.6492808 0.18870074 -0.5404881
364 -0.61168474 0.6262633 0.747565 0.029519463 0.20934556
365 0.011308314 0.9385945 -2.1354969 -0.31822225 0.094812304
366 0.83820665 -0.47664076 0.8100975 0.93020093 -0.042071562
367 -1.1548908 1.6248271 0.17457296 -0.2618811 -1.4666594
368 1.0159727 -1.8730848 -1.7958003 -0.03087901 -0.35098466
369 1.3213059 0.7647947 -0.38098207 -1.5070738 0.06526611
370 -0.5025462 -2.0544043 2.6386814 -1.0744462 -0.17058077
371 -0.924233 0.4668409 -3.5581841 -0.4947483 -2.2227952
2 0.29860502 -0.4176683 0.21880813 -2.1710572 1.1215374
372 0.401351 1.3265467 -2.3995523 0.03589542 0.55538535
373 1.1858428 0.9896355 1.326816 1.273795 -0.7695298
374 -0.21290858 0.49655625 -1.1894268 -1.5043763 0.7541932
4 -2.1733422 -2.488927 0.9145845 0.57886624 -0.5324021
375 0.17170602 0.15388712 0.4716698 -0.7585976 -0.92781806
5 0.39172825 0.45828745 0.7876196 0.47281548 -0.3444103
376 -0.3275735 0.70609593 -0.021751108 -0.51232105 -0.74350417
377 -0.6346601 -0.657409 0.28839257 0.27560875 -0.14921293
378 0.39289373 0.3753759 0.61111265 0.20141083 0.16092123
379 0.70572776 0.9038926 0.046373513 -2.3100183 0.74063885
6 -0.66714513 0.2632428 -0.21196969 -0.018671107 -1.1745962
380 1.3124648 -1.7841758 -0.8987897 -0.1605455 1.2868359
381 -2.0718741 -1.2864473 0.33646482 0.64292586 -1.2198135
382 -0.99855655 0.97550327 -1.1761346 -0.107477516 -0.34677848
7 0.9901475 -1.1074609 1.5262294 -1.5132804 -1.0916045
8 -1.4254993 -1.653393 -0.63578606 1.188509 -0.050227545
383 -0.53078943 0.096273996 0.6444496 0.8576827 -0.8907042
9 2.9242544 0.32998005 0.5897987 0.19985612 -0.37589
384 0.65860575 1.1403465 -0.46580228 -3.0355833 0.83259857
385 0.6761847 -0.035002023 -0.56046987 0.35843414 0.41065907
386 -0.611244 1.6181382 -1.2316297 0.2644669 0.113705285
387 -0.52759534 -0.32808122 -0.3044431 0.034755882 -0.37225968
388 -1.2948719 -2.2996504 -0.08964086 -0.63218534 -0.3591207
389 0.83370864 -0.72448313 -0.62558293 1.1122085 -1.0472804
390 -0.14797264 -0.15560597 0.0724707 -0.89549756 2.1410682
391 0.44124237 0.1217475 0.35368675 1.6841997 0.57714164
10 1.8888317 -0.29146144 -0.57864624 0.0027262066 1.0593894
392 0.10270169 -1.7793039 -0.9232924 -0.8005839 1.9037787
393 0.5098508 -0.07526096 -1.4245291 -0.66464466 1.0892847
394 -1.0081784 0.87794554 -0.8284156 -1.5458778 -0.5728554
395 2.4112751 -0.33628243 -1.6959388 1.06411 0.48071444
396 1.8852651 1.8446774 0.86957103 -0.654289 0.8198925
397 1.3784226 1.0456283 0.19756527 -0.31105787 0.42781025
398 0.11082223 -0.38266364 1.0911173 -0.23409048 0.16114879
12 -0.83754057 -1.5465432 -0.15090877 -0.49624982 0.13945259
399 -0.7188843 -0.831947 -1.7070173 -0.96216583 1.7835033
400 0.69784755 1.4602116 -1.0153611 -0.10733824 0.3141855
401 0.70558053 1.6819952 1.4900255 -0.09802118 -0.3938988
402 -0.6010318 -0.28394905 -0.37269166 -0.10180044 -0.83481914
14 -1.2475737 0.77100754 1.8453199 -0.5847516 -0.034771133
403 -1.1659418 0.20744614 -0.0223216 0.8759032 -1.2705442
404 0.13575639 0.09701446 0.20364796 -0.4490746 -0.6126037
405 -0.40087122 0.7709793 1.5053555 -1.3418111 1.5314976
406 -0.12760444 -0.50097305 -0.8391368 1.9793775 -1.0190103
407 0.6855874 0.43319598 -1.1996609 -0.29232454 -0.042226315
15 1.0802593 -0.39674643 -2.413248 1.1944166 -0.8352482
16 0.4948661 0.6733615 -0.3323035 -0.9127546 -0.94496
408 -0.82938015 -1.1489496 1.4729818 1.6030816 -0.38880545
409 0.62349033 0.15131173 -0.36329052 -1.0007248 -0.45177373
410 0.5218202 -0.086854376 -0.77596587 0.070207074 -0.017069414
411 -0.91785544 -0.46967295 -1.6325747 0.6263372 -1.4607513
17 0.9242938 1.2256937 -0.3777131 -0.3956605 -0.38697886
412 -0.5953399 -0.89022255 -2.3647892 1.4467864 -1.7037086
413 -0.28541213 -1.1901326 -0.90046906 -0.083858036 1.2238089
414 1.1391935 -2.6726663 -0.4671833 0.897938 0.32216147
415 -1.4269911 -1.079515 1.2426815 1.0775418 0.06274919
416 0.37772664 -0.47392568 0.68216 -0.7811749 1.1922079
417 0.7510327 0.7863345 -0.98786783 -1.3775915 0.5823458
418 0.11866084 -1.1296806 -0.6922675 1.1037582 -0.08743362
419 -0.24578813 1.2582794 -1.90531 0.28986782 -0.3460943
420 1.2176821 0.24789424 0.46747807 0.11577628 -0.42833534
421 0.47831392 0.55989033 -1.2417452 -0.91066974 1.6148113
422 -0.9079119 -0.14306761 -2.0652595 2.1317663 -0.48523992
18 -0.11144114 1.6419399 -0.09576481 -0.08656434 0.63084304
423 1.0417444 0.93293035 1.1227638 1.4910887 -0.10176429
424 -0.70425665 -1.031545 -0.9410242 0.11668893 1.430786
425 0.4747633 0.27103946 0.09049679 -0.41193292 0.3689429
426 -0.8370715 -1.4452153 -0.7894635 -1.7228292 -1.3335874
19 -0.37568626 2.7972877 -0.6411409 -1.2511946 0.30813223
20 1.2140509 0.12189083 1.1330639 -1.5525724 -0.9041707
427 -0.7383889 1.2373033 -0.6346379 1.8684245 0.39169946
428 0.3691854 -0.42779508 2.0782835 -0.47688666 -0.9050182
22 0.4578368 -0.18066196 -0.405491 0.15734042 0.22412194
429 -0.5762161 -0.97415674 -0.74404645 -3.233494 0.17553686
430 -1.3263777 1.2119455 -0.27809298 0.7503859 -0.79634666
431 0.7312223 -0.86697865 1.0016966 -0.5759107 -0.028981835
24 -1.3884885 -0.1292286 0.79382396 0.2811505 -1.5817033
432 1.2222744 -0.536291 -1.1493639 0.9924169 0.20441197
433 0.32364404 -1.4548595 0.2937956 0.3588586 0.47789726
434 -0.39146352 1.522826 0.47465104 0.9286806 -0.07243353
435 -1.1696814 1.5491358 0.45331353 1.6675415 -1.7389116
436 0.50280386 -1.1965474 0.18862526 -0.20114255 1.4908164
437 -1.8999691 0.31261364 -0.88238406 -0.90102524 -0.14136302
438 -0.5981917 -0.40145025 0.20383492 -0.24121387 1.7318984
439 1.8178437 1.9302921 0.93426144 -0.3018415 -1.0372393
440 0.20401558 -0.6567356 -1.1562978 0.7467305 0.49330837
441 0.573524 -0.6135915 1.002096 -0.099698655 -1.6373842
442 1.5942333 -0.26216054 0.6197049 -1.0106148 -0.54316074
443 -0.20165399 -0.20180759 0.9952447 0.67007416 -2.1870155
444 -0.060025845 -1.5322559 1.6957308 -1.4328916 -1.3803402
445 -0.22176723 0.7102416 1.1196855 -0.98302984 -0.6635286
446 -0.56067526 0.00019405971 1.9151629 1.4956105 0.30999875
447 1.2101454 -1.9739808 -1.4623626 0.938312 -0.2770215
448 -0.20521381 -0.3155922 -0.6704346 0.40455988 -1.259555
25 0.22142722 0.6093097 -0.70504826 -0.97673666 0.12646258
26 -0.44759506 -0.5996369 -0.24925119 -0.04578688 0.28689322
27 -0.35342786 2.128167 1.6492507 0.13867839 0.6407491
28 -0.5415141 -0.10470842 -0.6861916 0.016158951 -0.91465247
29 -0.5585979 -1.0752228 0.7027922 -0.8970602 1.2166966
30 -1.3766279 -1.7047038 -2.562269 0.5962156 -1.5632201
449 0.7829 -0.64089197 0.07638238 -0.86113036 1.7089022
450 1.032781 0.8592999 -0.43954596 0.99369603 0.94817364
451 -1.3849465 0.9936066 -1.3496325 0.24852315 -0.46411023
452 0.39004558 0.22298238 0.8926163 0.93166816 -0.41311008
453 0.61582994 0.064032026 -0.1485273 0.61691344 -0.29454258
454 1.3252907 1.148168 -0.25124362 1.977561 0.0641045
455 1.3448671 -1.8186549 0.61436135 -0.5230097 1.036678
456 0.8401367 1.0150856 -0.41848972 0.652223 0.76729363
359 -0.12976561 0.012854604 -0.12010855 1.0628697 0.8190773
457 -0.06603281 0.510944 0.7777675 0.4168645 -1.1887093
458 -2.0441878 0.28621703 0.49407658 0.36712417 -1.0352267
459 -0.5959964 0.11433677 0.65781766 0.33775634 0.75011593
32 0.15689777 0.74747336 -0.6712 -0.81224394 0.9751966
460 -0.008535327 -1.6482345 0.6969986 0.23960274 1.0508527
461 0.29253137 -0.9195572 -1.3177887 -0.9994978 -1.2821532
462 0.1349478 -1.547741 -1.2899371 2.0421946 -0.37671006
34 1.1957467 -0.81857276 0.33267823 0.5721982 -0.34123874
463 1.0871054 0.0028102885 -0.5189766 0.313778 0.1705036
464 0.15119527 1.7287577 0.41416788 -1.0113255 -2.507675
465 1.920644 1.3698944 -1.6666298 -1.5646456 0.95417345
466 1.3667225 -0.39901847 0.6518561 -0.5634517 -1.4973153
467 -0.09281441 -0.90477866 -0.5273068 0.49612772 -1.8812777
468 0.4427226 0.8559208 0.66614354 -0.33493367 -0.88287055
35 1.6194438 -1.4918548 0.8790179 -0.5116533 0.96402
469 -0.57918996 -0.52487415 0.69794166 -1.8051559 -0.6845562
470 0.19755492 0.83161616 -0.48099387 -0.20653014 -0.49802753
471 -0.32887048 0.28383237 -1.0336877 1.0748996 -2.3350422
36 0.35154873 0.98617053 -0.7105286 0.97600305 1.9247211
472 0.6590888 0.65751565 1.983558 -0.77156204 2.38561
473 1.4045011 0.07886223 0.3800654 0.54189914 -0.67223823
474 -0.16180646 1.5895439 -0.5127002 0.3552621 -0.34220317
475 0.120767236 0.49527937 -0.457894 0.12612838 -0.41676107
37 -0.093579866 1.1522552 0.14163905 -0.17905553 0.32365793
38 0.57947874 0.09509303 -0.6858915 -0.58300453 0.38359457
39 0.06488276 -0.19712512 0.81570536 0.08656665 0.27612066
476 -0.971452 1.1257682 -0.16606861 0.042473223 0.3070509
40 0.56623834 0.59028524 -0.16553119 0.4426862 -0.05172504
477 -1.125999 -2.6118274 0.28772825 0.116254464 0.038029104
478 -0.16457735 1.7051269 -0.68204665 0.23117696 0.45136386
479 -0.43414855 -1.8887923 -0.534762 1.4865224 -0.5040309
480 -1.1459775 0.04862241 -0.109335296 -0.06390083 0.6794654
481 -0.0045145117 -0.3345652 -0.31920004 0.6806227 -0.36205873
482 -0.2869443 -1.5085508 -0.8196806 0.50272256 -0.40956545
483 0.057915412 -0.50052786 0.28549773 0.32466218 -0.33977896
484 0.5740448 -0.30717078 -0.8664426 -0.59424895 -0.42146066
485 2.260104 0.42601162 0.13759041 -0.33235216 -0.93516725
486 0.019745562 0.6592154 1.2910417 0.20801948 -1.2379204
487 1.4230945 0.9094652 0.8697759 0.91656417 -0.36182097
488 0.7712434 -1.899966 1.1394937 0.28590116 -0.23428999
489 -0.47076198 -0.9608131 0.6997436 0.24072291 0.077461354
490 -0.830997 0.78963554 -0.980379 1.0077028 1.3500625
491 0.4948472 0.07972812 1.4736311 1.7129102 0.082823895
492 0.22733492 1.3037024 0.13393311 -2.4701805 0.48604813
493 0.41521546 -1.3636478 0.63413376 0.43143082 -1.5774746
494 -0.070953205 0.78621966 -0.050998684 -0.44343138 0.1060275
495 -0.3726756 0.82623774 0.579312 1.570398 0.2175999
42 -1.8746338 1.1434363 2.1296422 -1.3997294 -1.3487504
496 0.1433751 0.6940494 0.2905782 1.4528943 -1.470866
497 -0.21658805 0.41472092 -0.59449977 1.5806357 0.2460427
498 0.9538762 -0.18473552 0.48664606 -1.4966017 1.2782333
499 0.29272875 0.7900754 0.27522224 0.2483908 -0.01308101
44 2.1868455 -1.6801314 -1.6373132 1.4550573 0.5416883
45 0.7450851 2.922509 -1.5349307 -1.0008264 0.5035642
500 0.84113467 -1.3464904 0.13485898 0.77214754 0.113050856
46 -1.386529 0.14589773 0.14720467 -1.733428 0.37475953
501 -1.6702563 -0.33825895 -0.35080963 -0.5241086 -0.5285889
502 1.8455279 -0.5969864 -1.0108732 -0.42090648 0.9804127
503 1.4589463 0.20600918 -1.3594724 -0.25044662 1.0682831
504 -0.26687852 0.31907034 2.058243 -0.114636496 -0.6164414
505 -0.93002814 -0.4813232 0.7809902 -0.50332254 1.3955367
506 2.0488937 -1.6058987 1.0185751 0.6654855 -0.6745413
47 -0.2576535 -0.15972582 0.43304887 -0.090160005 1.5615185
507 1.1392834 0.6293821 0.26558754 -0.018919306 0.18367884
508 0.90267 0.7503898 1.3078562 0.08818882 -0.2914252
509 0.036893025 -0.8349271 -0.90432006 -0.17810325 0.40480083
510 -0.78657883 -1.0428183 -0.92557675 1.2577688 -3.1708317
48 -0.6687364 1.073373 -0.9060982 1.2047794 0.4690171
511 0.43746185 -0.15518184 -0.80960494 1.082334 -1.978584
512 0.11411804 1.9532652 0.3611388 -1.8084501 0.10244143
513 -0.85445166 0.37128422 -0.800234 -1.3896601 0.5057558
514 -0.14713582 0.3289104 1.0469594 -0.17858256 -0.85508376
515 -1.3919313 0.32602942 1.0179483 -1.4316878 0.6681768
49 -1.8320086 0.3672602 -1.4207247 0.9680431 1.5366622
50 -0.6593811 -1.3216408 -1.4341865 -0.30037275 0.43749902
516 0.3298065 1.30786 -0.42181873 0.27885666 -0.8439801
517 1.7556467 0.42901695 -2.7857811 0.9754317 -1.0687586
518 0.21032383 -0.44730252 -0.3447324 -1.5756981 -1.6599625
519 0.3323205 0.8405651 -0.6110031 -0.24219142 -1.9237392
520 2.232645 -0.6189708 -2.631709 0.73098165 -0.6762251
52 -2.0295453 0.7983196 0.34511396 -1.8206037 -2.0763702
521 -0.33567765 -3.0125968 0.44728 -0.046104476 0.44190374
522 0.57624596 -1.4275259 -2.2111607 0.6741148 -0.23892918
523 0.22876154 2.0267873 0.26478016 0.46091855 -1.2276452
524 0.27297395 0.7653031 -0.6400862 1.6921006 -0.7702102
54 -1.3929656 -0.12827002 0.48055473 1.0611986 0.14062889
55 -0.30137426 0.00096489437 0.15543172 -0.41558746 1.7295368
56 -0.061791576 0.49150452 2.589832 -0.74938464 0.85918677
525 0.48592803 -0.9023963 1.3416656 0.4361453 1.1719854
526 -0.4628132 0.5439104 1.9055245 -1.08479 -0.76985025
57 1.5200543 0.7446603 0.2841735 -0.2707809 -0.3247369
58 1.3608804 -1.393555 -0.98178905 -1.4520667 -0.28807226
527 0.49812973 -1.1079037 -1.5471711 -1.1832649 1.1779649
528 0.9254228 1.4387711 -0.484139 0.26893026 0.31633562
529 -1.320905 0.042999394 0.50872636 0.46745482 1.0591743
530 0.26265088 0.5091733 -2.0283766 0.6205811 0.2217897
531 -1.860812 0.095426075 0.9952546 0.9075994 0.5724082
532 1.6043947 -2.0405393 -0.2350342 -1.0286825 -0.0922692
533 -1.8168534 -0.6726817 -1.3880358 0.6181323 -0.9380353
534 -0.09554234 -1.1046002 -0.22002874 -0.5753356 0.018967343
535 1.0715424 -0.08415802 -1.0551686 0.1803832 -0.8997464
536 -0.4788786 1.269227 1.0557191 -1.4454964 -1.0751458
537 0.1144382 -1.4475904 -0.72777617 -0.5004961 0.43620232
538 0.78328466 -1.1539637 0.21325472 -1.1171379 -1.0129907
539 -0.57219654 -0.19221686 -0.223891 1.5019125 -1.324557
540 -0.8231238 1.6280175 1.1212593 -0.27139214 0.37475204
541 -1.2729641 1.0268525 0.67900765 -1.1623222 -0.55445194
542 -0.27720454 0.839841 0.121024154 -1.0593401 -0.35716623
543 0.19412152 0.14151876 -2.6526616 -0.010015867 0.6705067
544 0.15408857 -0.24975036 1.7066722 0.29890797 0.36327064
545 0.644789 1.8065709 -1.6896946 -0.07117538 -0.73316526
546 0.5973893 -1.3148142 -0.8040501 0.48179287 -0.31499577
547 1.7371451 -1.3828717 -1.0109906 -1.1912766 -1.078809
59 1.922369 -0.04684326 -1.2153257 -0.94901675 -0.74758756
548 0.08721201 -0.13106345 1.2473937 1.5991054 0.9656787
60 0.97387105 0.16387643 -1.1100304 -1.8494984 -0.51851696
549 -1.4859265 -0.6867236 0.8823432 -0.15633324 0.76039207
550 0.9260534 0.5859173 2.3887954 -0.33368385 0.14914127
551 0.35217804 -1.1088852 1.9678841 0.39046735 3.2632186
552 -0.17196219 -1.1684669 -0.39376333 -0.092686996 -2.3219259
553 -0.6538623 0.93910515 -0.07638585 0.45128372 -0.18078952
554 2.3086033 -2.2944434 0.32591143 0.097224385 0.48280936
555 -0.9843396 0.89380133 0.92835134 0.85768914 -1.6323725
62 0.2857604 -1.8341649 0.26177844 2.4487228 -0.5454683
64 -0.30242777 1.8538439 1.6138821 1.0230653 1.7315693
556 -0.94929904 -0.15931466 0.24949056 -0.30898407 1.3759415
557 1.611104 -1.1441995 0.40163574 -0.3929327 -1.6749905
558 0.22257967 0.8596094 2.5377178 -1.0058719 0.32525173
559 -0.63883585 1.7555233 -0.61314243 -0.007799101 -1.2238907
560 -0.78701997 1.4907668 3.5733354 -0.7407802 -0.35316622
65 0.3737444 -0.35437155 -0.9349664 1.0230006 -0.39018163
561 1.289067 -1.6769773 -0.3939575 0.2927341 -0.12002183
562 1.4032446 -2.391615 -0.4747907 -1.2888472 -1.5549052
563 -0.82034147 1.1610814 -0.8128295 0.77538264 0.29371917
564 0.55199593 0.08239228 0.43276858 -0.6110961 1.4435962
66 -0.9438563 0.5406859 -0.051489428 0.7249251 1.6933073
565 -1.1700344 -0.5332804 -0.2876532 1.066105 0.3690509
67 -0.09044692 0.5097055 1.226723 -0.22471988 -0.09534495
68 -0.09381531 -0.90809786 1.7026196 -0.12754999 0.6815238
69 -1.7988145 -1.4187913 1.1269068 0.39881337 2.0165014
566 -0.60396856 -0.7578366 -0.5768256 0.64231306 0.38862807
70 0.8531543 -1.5063454 -0.41792133 0.9118936 -0.2634921
567 0.6015205 -0.2322594 -0.15240619 0.1626464 1.5299944
568 0.0068121417 -1.2159805 0.07102839 1.471824 -0.0822686
569 -0.01699757 0.4982786 -0.21882388 0.5298074 -1.4360819
570 0.2380714 1.3912587 2.4348502 0.4093955 -1.488887
571 -2.1965978 -1.2106969 -0.63052756 1.2923942 -0.28684267
572 -0.15567291 1.5527425 -2.7087028 -0.4912386 -0.11821107
573 0.55511135 0.47585526 -1.5429252 0.9888969 -0.21358307
72 1.257424 0.5296388 -1.3513255 -0.22676912 0.73494536
574 -0.06642671 -0.023569344 -1.3606108 0.6459921 -0.58666867
575 -0.89486843 1.0338203 -0.28949463 1.5176749 0.64427793
74 -1.6752782 -0.03189711 1.0697666 -0.2466347 0.40527353
75 1.7045645 -0.42438617 2.5038364 0.5931223 0.8050359
76 0.5344457 -1.0776707 0.18608564 2.0278752 0.10916691
77 0.3366407 -2.0632355 -0.46089897 -0.4459698 0.08413829
576 -0.23252574 -0.89611113 0.6259577 -2.0564575 -0.49833235
78 0.36125788 1.7411847 0.075136945 -1.2802038 0.3569451
577 -0.77398837 -0.05897917 0.78736264 -0.26607293 -0.58389306
79 1.2750583 0.97733974 -0.3439245 0.22191742 0.4996957
578 -0.7313328 0.35509294 -0.9819236 -0.7084199 -1.4211527
80 1.2449218 0.2716393 1.2634727 -0.32562548 1.6389958
579 0.71680915 -0.76249003 0.5639875 -0.6337673 -0.222639
580 -1.0241197 -1.1938643 0.098181814 1.6106914 0.34104463
581 -0.7494077 0.34466037 -0.083238944 -2.3528132 -1.2011124
582 0.8365936 0.11945709 -0.92614996 0.7073937 -1.414235
583 -0.7189825 1.2360147 0.06867333 1.0411203 1.0389171
584 1.7027049 1.8189917 -0.38716295 -0.8506673 1.1957426
585 0.9411281 0.6058741 -1.5086285 -0.25492504 -1.798339
586 -1.094892 -0.89103615 1.0430218 -1.9810678 -0.4931899
587 0.4213039 -1.0579207 -0.79266214 0.31418633 -0.8784984
588 0.40314415 0.5751 -2.410112 -0.07729113 -2.3094566
589 -0.60331625 0.19276305 -0.42376533 -0.5577555 -1.3666105
590 -0.6637983 0.2902485 -1.181235 -0.9679967 0.4648434
591 -1.0357345 -1.6709948 -1.4884367 -0.11115844 -1.302569
592 0.3351091 -0.7773763 0.43110985 0.2783925 -0.31047702
593 -0.39887816 1.6654547 -1.8427875 -0.8172672 -1.2782829
594 0.54470885 -2.07981 0.011258675 0.11568589 -0.5274204
82 0.100176945 -1.3962077 -0.39713547 0.27212632 -1.313851
84 0.19274758 -0.28726998 0.034283727 -0.3304759 0.8040564
85 0.22618836 0.11220119 -1.5693288 2.0436494 1.3229144
595 -0.4188995 0.27462527 -1.0575148 0.24795377 -0.05513111
596 -1.5937521 -0.77068114 -0.39917532 0.52172285 -1.2115132
597 -1.4575549 0.61735505 -0.6162648 1.3175175 0.10000158
598 -1.5684257 -1.0247337 0.11811011 -0.25781497 -0.008884193
86 0.45697507 -0.39876306 -0.8098205 -0.671809 1.6433249
599 0.25117764 0.239216 0.036090244 -0.76351684 0.1474616
87 0.32341456 1.3556082 -0.13289878 0.027700175 -1.4722121
600 0.25826636 0.43464836 0.2727298 -0.92288744 -0.97351694
601 0.26748356 -0.40941942 0.5944026 0.099950716 -0.14444166
602 -0.14729908 -0.47046936 -1.2796581 2.1287694 1.4121481
88 0.89909273 -1.5116706 -0.21142222 -0.8594339 1.3591346
603 -0.9448313 0.13239962 -0.4271599 -0.22048433 -0.63497114
89 -0.6083494 -0.1128507 1.1273552 -0.49180847 -1.4836237
90 -0.6796261 -0.41895273 -0.23787162 1.6974794 0.90972155
604 0.23967053 0.21749938 0.872509 0.35890687 -2.1974204
605 0.12451748 0.55079085 0.4641065 -1.5734768 1.3210964
606 0.0960736 -0.09600373 0.10580425 0.2881489 1.3265644
92 0.9652912 1.4892281 0.19931522 1.2267367 -1.09555
607 1.3797704 -0.04216563 -0.2822396 -0.84194803 1.3946241
608 -1.0385269 1.4447764 0.76031166 -0.4956827 -0.8392269
609 1.9039731 -0.42522866 -0.054943807 -1.79894 -0.67771816
94 -0.1697408 0.092690475 -1.3221343 -0.10866833 -1.2531279
95 -0.33757326 -1.136947 -0.71860355 -0.36992574 -2.4894204
610 -0.0022214737 -0.26642132 -0.085621044 -1.5138476 -0.10618403
611 -1.1058508 0.3019057 1.3062264 -0.57457376 0.4809478
612 -0.12590191 0.9428378 0.13783044 0.35585627 1.0167725
613 -1.2358998 -0.80532426 -1.4473871 -0.46342853 -0.6637635
96 0.3015948 -0.73592734 0.69926697 -0.48366073 -0.6060534
614 -0.93183243 -1.3944336 -0.81357074 0.25619707 0.29438642
615 -2.0354002 -1.4042926 -1.5466336 1.020346 1.2268314
616 -1.8949082 0.5227909 -1.0777264 2.50612 -0.4131105
97 1.5536991 -0.7852696 0.32189095 1.8047565 0.3231383
617 -1.6621616 1.0684536 1.0636829 -0.85915965 0.52393025
618 -0.8836005 -0.34368291 0.5973303 -0.60992306 -0.76865005
619 0.82986337 -1.4434345 -0.22540165 -0.83457977 -0.0450989
620 -0.8278964 -0.73729044 -0.36414224 0.41601217 0.09074874
98 0.47344092 2.3953583 0.3566864 0.41602978 1.3171389
621 0.5335409 0.3308332 -0.10698157 -1.5746349 -0.6926902
622 -0.08307995 -1.4357988 2.1396577 -0.03198597 -0.60790604
623 -0.3974874 0.5378906 0.30468962 -0.18692914 -0.11166578
99 1.6047618 1.5887862 -0.69125825 0.002369964 0.8407714
624 -0.22239392 1.1615006 -0.44055963 -1.2139099 1.1169748
100 -0.6308641 -0.60351837 1.0869058 0.5471279 0.8852853
625 -0.27752614 0.7692339 0.7592915 -0.7559885 0.5336145
626 -1.1877904 -1.5810999 -0.046233073 -0.05968188 -0.77448344
627 -0.7560671 1.7479242 -0.13892938 2.6374874 1.6191509
628 -0.63548505 0.37026274 0.48012817 1.0048809 -1.0625484
629 -0.8761247 0.21876374 0.46308917 -0.47262493 -0.51913285
630 -1.4526086 -0.1586645 -0.06673762 0.23242186 -0.6672262
631 -0.46318662 -0.7550898 -0.88023573 0.7231092 -1.2121593
632 1.1191213 -1.9731625 -0.45528135 -1.5924623 0.93161935
633 0.90119356 1.2053411 -1.0144944 -0.13830666 1.086866
634 -1.0417476 0.53694767 0.9003194 0.40040043 1.2412158
635 0.4270398 -1.0904783 -1.6511275 -0.35160375 -0.3010439
636 0.4889262 0.22569601 1.8905166 0.9464156 0.27475545
637 -0.40399453 2.2834466 2.0444925 -0.63022655 -0.42768413
102 0.36185476 0.27753264 -0.9595356 0.08561355 -1.4775947
638 0.43128124 0.19336002 -1.3203962 -0.64398694 -0.60413533
639 0.16597664 1.8630356 -0.26151556 0.06731367 -1.2429211
104 1.5752735 -0.101429395 -0.39222816 -1.2550281 -0.8805187
640 -1.3450319 1.9370835 -1.3862826 0.8346005 -0.57836306
641 -0.15040949 -0.46686295 0.83305466 -0.0991234 -0.49549082
105 1.3738989 0.42383215 -0.78097975 0.43789566 1.586298
642 1.011853 0.76679707 -1.2136583 1.1378689 0.06710927
106 -1.01519 0.74792814 1.126296 1.4604639 2.0579538
643 -0.39054906 0.48781997 0.11137745 -0.49672848 1.1822382
644 2.3131545 0.017493248 -0.09316381 0.3696839 -0.26290494
107 0.056269098 -0.73838425 0.09010674 -1.2971451 1.3117372
108 -1.3840041 1.1761495 1.4890583 1.3852229 0.6465905
645 -0.039318763 -1.259604 0.75362414 -0.35028914 0.54958266
646 -0.0036548583 -0.832331 1.4901402 0.61782753 1.0301676
647 0.3012449 -0.60549474 -0.66070503 0.27067247 1.2561288
648 0.9461204 0.7657882 0.18124512 0.594306 -1.0742794
109 1.7295516 0.83341455 1.6124579 -0.3438889 1.0919968
649 -0.09482845 -0.35917053 1.1929619 2.1723237 0.98268646
110 -0.91292524 -0.044992626 0.5186817 -0.20350376 -1.8959466
650 0.25920773 1.0161299 0.37748793 -1.411198 0.1605222
651 0.25986743 1.3934835 0.5765167 -0.2206423 0.23983608
652 -1.6919954 0.42475817 0.29167 1.1207718 1.21828
653 0.71916246 1.2226601 -1.6599768 -1.6743243 1.6086472
654 0.38309157 0.3243855 1.5524613 0.6295251 0.095114194
655 -1.2476043 -1.8587153 0.18255794 1.1152207 -0.4458092
656 -1.6644986 0.23399712 0.44494584 0.14798808 0.63503206
657 1.5924802 0.96702194 0.2667042 -0.35648283 -0.32455066
658 -1.7039465 -1.3537201 -0.95176774 1.5141594 -0.81158644
659 0.58243984 -0.46836653 -0.6617923 0.86833596 -1.0050765
660 -1.3661737 -0.6599174 -0.56248844 1.1877724 0.57344323
661 1.0261949 -0.40465087 -1.3145505 0.096143134 -0.008354839
662 -0.88992137 0.19193548 -3.2023458 0.6932431 0.042811465
663 2.0978987 0.80616367 0.16683842 -1.1424325 -0.16231836
664 1.0758345 1.6458257 0.12477341 0.9627868 0.99745613
665 1.0150752 -1.0825471 -1.87297 -0.6137622 -0.14350414
112 -0.6711242 1.4871178 -1.863089 0.946992 -0.8416268
666 0.117861 0.81130576 0.85766506 0.67538273 -0.91509527
114 -0.3530921 -0.5865185 -0.3437385 -1.0053209 -0.8660957
667 0.43517894 -0.66234404 -0.6778306 0.29456204 -1.1067324
115 -0.68248403 0.77497417 2.0351572 -0.2562994 -0.29291123
668 0.26994616 1.5080029 -1.9969391 0.83309096 -0.0048759333
669 -1.0462339 0.88893676 0.30857545 -0.3949541 -0.26004118
670 0.37591743 0.7242579 -0.24761334 -0.83829135 1.5761594
671 0.24120878 -0.15310422 -0.17544152 -0.5935453 0.45134735
672 2.3229215 1.203166 -0.6231702 -0.0064229476 0.57938796
673 -1.2149652 -0.18546166 -1.2303046 -0.67146885 -1.6705797
116 0.37234896 0.54284716 -0.22882892 -1.4709133 1.0910567
674 1.7377204 1.223492 -0.4368567 -0.0090173865 -0.09706356
675 -2.564878 1.7404114 0.4297818 1.978275 -0.7050655
117 -0.6731953 0.9427937 -0.302902 -1.1210889 1.6055663
676 -0.8719386 1.0922835 -0.6128401 -1.1376845 1.0552033
677 1.16302 -0.18619967 -0.73065686 0.032402012 1.2389108
678 -1.1872052 0.73443204 0.07545586 0.27370575 0.7770791
679 0.4862253 0.5307496 -0.107383594 -0.8904559 -0.7492648
680 -0.638756 0.31928584 0.70352 0.37842843 -1.7300762
118 -0.8305384 1.7857004 1.9699504 1.3080384 1.2159039
119 -1.9211059 -0.2585612 -0.4164131 1.0404354 1.7063158
681 0.52314126 -0.90056527 -0.16856878 1.8865553 -1.5029262
682 0.14335968 1.0458499 -0.845911 -1.0217177 -0.66732514
683 -0.38035563 -0.6487378 1.1690505 -0.5660679 1.0153811
684 -0.35351667 -1.564001 -0.20702952 0.79630035 1.626947
685 1.1154275 0.06773609 0.90218407 0.8162684 0.7482707
120 0.107266575 1.4920467 0.43769008 1.5836928 -2.3934877
686 0.9095306 -1.9245154 0.4690928 0.42408994 1.4521694
687 0.4689389 1.6083263 0.38540843 1.7992302 -0.047874387
688 0.43948683 1.3730246 0.23101437 0.41255048 -0.575374
689 0.38151935 -0.49611866 -0.6023846 0.34702626 0.8325601
690 -0.36177185 1.5417608 0.42773524 -0.18169628 1.0743948
691 1.0763686 0.8152097 -2.5792363 -0.16588224 -0.25032672
692 -0.7498148 -1.4653717 1.0008368 1.3332647 0.13694227
693 2.2697937 0.8480128 -0.014307992 -0.1560301 -1.195091
694 -0.36335766 2.1870422 -0.7358095 0.33195975 -1.3381802
695 -1.0269378 0.17553873 0.043436352 1.3039429 0.5371943
696 1.6789292 -0.8820014 -0.22181465 -0.6356799 -0.5582798
697 0.15146205 -0.22469161 -1.8402259 0.08447521 -0.5328558
122 1.4521588 0.846608 1.8172549 0.50737643 1.0108869
698 0.1927276 1.4235439 -1.5063583 -1.1037407 -0.6299624
699 -0.35572883 -0.1780157 -0.9231036 -0.85871303 -0.7522922
700 0.35256284 -0.16924815 0.45234293 0.15469374 0.1908003
701 0.4681741 1.4049137 1.0047264 -0.17132288 -0.004528806
702 0.08029872 0.9861926 -1.555907 -0.88762504 -0.52308166
703 -0.8177571 0.4582037 1.2322413 0.88997805 -0.8532224
704 -0.3187418 -0.4400022 1.3163958 1.9351561 -0.006738253
705 1.2402203 -0.401649 0.33153343 1.3820983 -0.14840122
124 0.18927743 -1.43651 -0.8475361 0.0054678917 -0.92632663
706 1.4017668 -0.4711573 0.963251 1.0377703 0.11759526
125 0.43335325 0.21848387 -0.7777491 0.5813677 -0.1357091
707 -0.27095938 0.79060674 -0.93473715 -1.8037599 -0.79526466
708 1.0149568 0.41154116 1.1052907 -1.3605092 0.25772247
709 -0.8399046 0.28861672 0.9668306 -0.012891858 0.8994149
126 -0.59031165 0.051192477 0.18573847 1.1697391 0.5170119
710 0.36709288 -0.022123288 0.5896041 0.24269238 0.35019848
127 0.78763795 -1.0142926 -0.7869536 -1.4594588 -0.6445003
128 -0.5568548 -0.8108059 -0.33266097 0.56651735 -1.2541032
711 0.59112227 -0.68218935 1.6864704 1.0259471 -0.42929608
712 1.4859905 1.0111845 1.0847905 -1.3782203 -1.0847155
713 1.1359737 -0.38977066 -0.04105227 -1.5304031 -1.2093228
714 -0.92433155 0.32986546 -0.23994744 -2.0617976 -0.10495516
715 -0.6045918 -0.18512447 -0.18495966 0.5215323 0.153428
129 -0.042143036 -1.0322181 -0.57506233 0.4459279 0.7300302
716 0.63489264 0.6761895 1.3974918 1.1017865 1.2447888
717 1.0400666 -0.240567 0.45088002 0.9411513 -0.14103928
718 -0.5327462 -0.6572003 -0.10017533 -0.6649907 1.355748
719 2.2045627 -1.3018634 0.96350926 -2.2071605 0.6314743
130 0.29949898 -0.12298614 0.31109992 -0.7234503 -1.3841165
720 -0.21815355 -0.8564105 -0.34780595 0.7545895 0.4992689
721 0.9095133 -0.12474292 0.9734543 0.5663009 0.37498808
722 -0.40867627 -0.35250252 0.3366016 0.5386666 2.0839097
723 0.421635 -0.31015053 0.84726435 -1.0191747 -1.771731
724 0.33516803 0.40455958 -1.6798633 -0.34568852 -0.31886274
725 -0.64222187 0.736597 -1.5979241 1.1582893 -0.5072936
726 0.015640976 1.1549947 0.2903726 -2.0449464 -0.9595481
727 0.8273359 -0.579924 2.3555398 -0.56960845 0.10538544
728 0.6511204 -0.7123509 -0.03607848 1.0358166 0.13293575
729 1.7113605 0.25285423 0.49637094 -1.0473925 -0.651222
730 -0.047541555 -0.72233176 0.78043026 0.4540481 -0.5552809
731 -2.015698 0.0055924156 -1.1460114 0.03892772 0.22710025
132 0.8339112 -0.31328318 0.104491174 -2.1870124 1.864897
732 0.9993728 0.12907036 0.68954825 -0.5913388 -0.6822802
733 0.0505215 -1.8035525 -0.4579414 -0.1417901 -0.8226957
134 -1.1417941 -1.5016836 -0.79011977 0.9244781 -1.8017031
734 2.0336976 0.17282727 1.2020631 0.2100596 1.0806509
735 -0.43051475 0.13806607 -1.3912684 -1.3038661 -1.1180499
736 0.6540725 0.6483551 -0.5387807 -1.0604584 -1.2295548
737 0.73679787 1.8298815 -1.0341353 0.9018925 0.32239747
738 0.66902876 2.252764 -1.242523 0.0644667 -2.798165
135 0.55529207 0.030851334 -0.28980166 1.0850635 -0.44196603
739 -0.9135879 -1.0652643 0.40595752 -0.04606093 0.8861278
740 -1.0552051 -0.467408 -0.6501974 -1.5783211 0.12374015
741 1.4040738 1.0488656 0.19255804 0.9731929 0.6167414
742 -0.23099639 0.09825854 -1.8088797 -0.43035254 -0.25090927
743 -0.48743528 -0.08256461 -1.5878229 0.3459578 0.9508133
744 0.6359662 0.9167392 0.117247425 -0.13576357 0.5190528
745 0.98279524 -1.3483809 1.0921357 -0.6159578 0.045088023
136 -1.9731625 0.6004796 -0.17497878 -1.5380082 -1.9330823
137 0.41968465 0.47328356 1.5889648 -1.5513302 -0.69844556
138 0.53241116 -1.6555079 -0.61664957 -0.3199775 -1.7973343
746 1.07396 0.011953869 -0.23376416 1.0029522 0.9748331
747 1.6474966 -0.38796425 1.5664864 -0.08754397 -1.1475297
748 -1.6080806 0.03959734 0.63387704 0.99950176 0.58406883
749 0.079580724 0.780657 -0.20957232 -0.60648793 0.2858966
750 -1.4878134 1.6251554 -0.6745754 1.3965378 0.33861482
751 1.7732569 0.7103115 -0.44439858 0.31422946 -0.73663306
139 -1.0637722 -0.77553564 1.1317565 -1.2032865 -0.13381627
140 -0.5938191 0.34084424 -0.6492071 0.3045535 -0.089058004
752 -1.0267825 -0.9798946 1.1083013 -1.1878636 0.6451508
753 -0.80699897 -1.8451176 0.116700105 0.6423323 -0.7197048
754 -0.058152027 0.25136396 -0.35377225 0.5518417 -1.1064531
755 -0.5602325 -0.62799644 0.2996431 -0.35432598 -0.19938856
756 -0.10623469 -0.17541711 -1.3819866 0.21715768 1.2628895
757 -0.31531206 -1.0708869 -0.4441099 0.8538225 2.022083
758 -1.3552383 0.52176505 0.11789919 -1.2944514 -0.018322185
759 -1.4253863 -1.7899377 -0.40423352 -0.20998065 0.2896172
760 -0.600932 0.15523875 0.12105028 -0.6714811 -0.36004445
761 -0.36803934 -0.40968868 -0.104283 0.7073153 -2.5298073
762 0.5091997 -0.81176275 -0.7453157 -0.045415316 -0.91901034
763 2.4322264 0.9137724 -0.50140035 -2.3329244 0.3565292
142 -0.4928149 1.1197739 -0.7156085 -1.0677412 -0.06491365
764 -0.8547684 0.27741563 0.9982746 0.29126278 -0.8950056
144 -0.84916633 -1.2460489 -0.87590545 0.6092007 -0.0082021495
765 0.8645622 -1.2737976 -1.3607078 -1.0693537 -0.63051987
145 -0.7955199 1.0557933 1.2988981 0.58105063 -0.5792541
146 -0.5158191 0.90049183 -0.19031666 1.6588368 0.34651121
766 -0.781776 1.2769916 -3.1553812 -1.1127912 1.869856
767 -0.7505808 0.5357619 1.4365425 -1.2706983 -0.49744394
768 -0.29183996 0.013165439 -0.50838697 0.14071581 -1.4145175
147 1.3639213 1.2933578 -0.98075444 -1.8296944 0.758904
769 0.4400339 -0.23345315 -0.81185746 -1.4673781 0.122262396
770 0.65534025 -3.1928568 -0.2685922 0.34022775 -0.6166484
148 0.30219084 0.11524252 -0.75213933 1.4456604 -1.5316553
149 -0.59458053 0.40830082 -0.4909162 0.10321923 -1.2637963
150 -0.5817461 -0.53780264 0.7230695 -0.81871414 0.5853064
771 0.78499675 -0.40391028 -1.7109461 -0.6151305 -0.4319583
772 0.9065933 -0.40916225 0.4531431 0.98643446 0.39980856
773 1.6202232 -1.0094626 0.55323607 0.6890378 1.6022029
774 0.5726088 -2.3434823 0.4549558 -0.43607363 0.34555092
775 -1.1634948 0.6924404 -0.9003013 0.048273064 0.63309956
776 0.6559278 0.39705026 -0.45985523 0.8573088 0.5383983
777 2.0070548 -0.5352013 0.57286614 -1.5690509 1.0466826
778 -0.6720921 -0.19364758 -1.4624947 2.1358583 -0.3942605
779 -1.425392 -0.58895606 -0.5363119 -0.5801786 1.4213496
780 -0.18912615 0.3518833 0.4675077 -0.93074226 0.69380033
152 -0.44976425 -0.6280238 -0.25420767 1.5916005 1.0520453
781 0.51974094 0.57743746 -0.12609826 1.0778773 2.176282
782 -0.1758043 -0.6807021 -0.8527023 -1.7923968 -0.777259
783 -1.1325166 -0.049705718 1.0004388 0.025421238 -0.8986815
784 -1.3518178 -0.7619161 -2.6768017 1.1669581 -0.12261669
785 0.19266641 -0.8441061 -0.15424876 1.5831296 0.8707095
786 0.6213908 -0.34384403 1.1459352 -0.24549699 -1.7667363
154 -0.85843825 0.8296487 1.2686085 -0.11377209 0.77289695
155 -0.6377151 0.25357598 -0.017630279 -1.969167 -1.5691756
787 -0.88355243 -1.0311875 -0.8149886 -0.35025492 -1.3914456
156 -1.1523316 -0.7936348 -0.77890664 0.12634489 -1.8695565
788 2.210153 -1.3319885 -0.35447183 -0.45868823 -1.6346672
789 0.0014941446 -0.956891 -0.24807769 0.6640534 1.3224552
790 -0.0854391 0.4702942 2.0865018 -1.3265694 -0.7407823
157 1.1451706 -1.4813242 -1.3783804 -0.60272413 0.034595553
791 -0.69163024 0.61605644 -0.86760587 0.8041754 0.7680669
792 1.074308 0.24295084 1.4538898 -0.6895241 -1.3417162
793 -1.7411331 -0.10362829 -1.7652477 2.239485 0.21614583
158 -1.1912531 0.6237635 -0.33192575 -0.29135457 1.019725
794 -0.97135675 1.513667 0.49785885 -0.5266593 0.08918088
795 -3.176744 -0.6026985 -0.082169145 0.7871056 -1.695946
796 0.80172133 -0.07808 -0.84193563 -0.31225315 -1.1206846
797 -0.5209278 0.4102123 -0.16151002 -2.356593 -0.15757725
159 0.0087142605 -0.3120037 -1.5611377 0.64345664 -0.7973309
798 -0.94889194 -1.7188672 0.5881275 0.071646996 -0.9219474
799 -0.83652383 1.4419767 0.52104896 -1.085325 0.84489626
800 0.34219316 -0.514308 0.073772795 -0.23141553 0.033307176
801 1.8170475 -0.7099304 -0.9037693 -1.4396038 0.012265185
160 -1.3126339 -2.837298 0.18780552 -1.2598655 0.24156664
802 -0.009029104 -1.3951782 -0.5841486 0.6282944 0.96104634
162 -1.7190036 -2.236592 -0.26482487 0.89107186 0.4733484
164 -0.8161685 -1.5696863 -0.023772722 -0.5374039 0.5270605
165 -0.64463395 -0.5247239 -1.6849827 -1.3290738 -0.97092575
166 -0.69551486 1.959758 -1.7151998 -0.5852923 0.6675278
167 0.7838149 1.1942991 1.4309862 0.7625197 -1.0446982
803 1.7713307 0.5027286 -0.4831224 0.10235771 -1.0197089
168 -1.326913 -1.1863717 0.3043653 0.69017845 0.848686
804 0.81134635 0.75296354 1.1459157 -0.47062513 -0.0261134
169 -0.5607734 -0.6790686 -0.6629595 -1.3303345 -0.70915943
805 -0.74848163 -0.55482846 0.6644879 -1.351039 -0.36839536
806 0.91522324 0.8382331 0.43611282 1.1161495 -1.2092867
807 0.39222434 -1.2464498 0.2767835 -1.4539961 0.85781467
170 -0.3611651 -0.15214142 0.7180737 -0.26256394 -1.3517298
808 -2.320245 1.2559459 -0.31068364 -1.0769145 0.1415776
809 -0.44815984 2.22711 -1.4633236 -0.55543685 0.61086863
810 -0.07639515 -2.2517788 -0.34243426 -0.6464131 0.16596177
811 -1.880445 -0.93749344 1.3256967 -0.8447465 -0.027533503
172 0.63467103 0.70135206 -0.08639296 1.1721504 0.87055147
812 1.0524025 -0.08981649 -0.7862468 -0.4961543 0.3943554
813 0.8344547 0.7141354 -1.6308063 0.9793428 0.4278104
174 -0.7898995 -0.53629637 -1.5321373 0.26536638 -0.38200933
175 -0.0057531563 1.1165538 -0.7283061 -0.049483076 1.0691314
814 0.28421453 0.07660363 -1.8060635 -0.7890934 0.69088894
815 1.0300317 0.65091234 -0.022097282 -0.0037098625 1.0309788
816 -0.05101937 -1.7900794 0.41566396 0.68606734 -1.7757918
176 0.5174846 -0.62367076 0.43915853 0.383906 -1.4681387
177 -0.63505524 -1.8836664 -3.0029361 -1.7937016 0.74074847
817 -0.54107547 1.1365544 -0.80890995 -0.8960587 0.741258
178 -0.3009105 -0.90212363 -0.40390494 -0.011433455 -0.29767102
179 1.2033477 -0.9342391 -0.6526635 -0.21982306 1.1195936
818 -1.2903825 0.1573061 0.4747803 -0.50241154 0.43540806
819 -0.043539822 0.01497015 -1.6318249 1.4654785 0.08728261
820 -0.31530806 -0.89733106 -2.4602642 -0.18111825 0.5224681
821 -0.3953407 1.0910864 -0.109536126 -0.6655383 0.13012399
822 0.36351046 0.25563675 0.029812014 -0.66211706 0.06721024
823 -0.014551772 -0.43795687 -0.15479028 -1.1023282 0.81079924
824 -1.315939 -1.464252 0.90960866 0.8438277 0.74096966
825 -1.6134152 0.17588499 -1.2409427 -0.16189355 0.8351732
826 -1.0713962 1.0921812 -1.4071546 0.61060065 -0.11893345
827 -1.3510225 -0.2930291 0.13730294 -0.99423987 0.21249972
180 0.72522134 -1.405536 0.37595445 -0.81441814 0.7358867
828 0.46512207 -0.55839527 0.5667411 0.21996535 -0.31076252
829 0.80406886 -1.5036999 -0.8922689 -0.46079755 0.56970495
830 0.3195135 1.4190683 0.6539854 -0.0057113497 -1.4844229
182 -1.5027896 -0.7665557 -0.009960294 -0.44780457 -1.2243049
831 0.058521092 0.32072622 0.517729 -0.3043192 -0.850447
832 -0.22093762 -0.30492708 0.81212133 0.7950424 -0.3941733
833 -0.736623 -0.80482626 1.2695738 -1.4906561 1.4622895
184 0.95283514 0.9631165 -1.2765244 0.7580829 -0.4545192
834 1.6147591 -1.777746 0.11812773 -1.1668445 0.027013373
185 0.017939268 0.1736117 -0.07284868 0.92034346 0.26732057
835 -1.629841 1.438107 0.7912736 0.74406636 0.45973593
836 -0.84533274 -0.048010513 0.59194624 0.9220487 -0.40409616
837 -0.58202225 -0.2365168 -0.43168846 -0.7974406 0.42839426
838 -0.7816774 -1.213062 -0.19141811 0.43834347 -1.6547711
186 0.88761234 0.73010844 -0.12282188 -0.89927083 -0.07353343
187 0.4141006 -1.042664 0.8258375 -1.1302286 0.69065654
839 0.62801665 -0.3671169 1.3326446 0.103735924 0.28542107
840 0.937739 -0.5336768 1.1981959 -1.9529229 -0.2737759
188 1.00343 1.3543267 0.4759642 0.6249663 -0.9990389
841 0.52761465 -0.76286167 -0.4722892 1.2589419 -0.7394706
189 0.721762 -1.1985276 -0.06745161 -0.00018887238 0.8169114
842 0.33621973 2.5089521 0.223162 0.12858023 0.1575408
190 0.42303598 -0.7456017 1.2413683 -0.12770568 1.6000538
843 0.6485029 0.079095915 -0.26566014 0.45619595 1.2323521
844 -0.12085371 -1.2180105 0.39646423 0.777276 -1.0176057
845 0.3001585 -1.0537921 -0.28911877 -0.68519825 1.4086893
846 0.14603193 0.6448411 -0.8079527 -0.45014313 -0.55358297
192 0.9615233 -0.37493426 -0.56587654 -1.2789415 -0.18845832
847 -0.15171982 -0.5259638 0.32236287 -1.200813 -0.21790785
848 -0.060774736 -0.017991843 -1.7199035 -0.69477564 0.17869939
849 0.571987 0.42795554 -1.6967628 -2.375041 -0.35874382
850 0.27033296 -1.6765605 -0.621763 0.75829756 0.5212691
851 0.19915304 0.6137536 -0.78701353 -1.2662942 0.3650883
194 0.235381 0.054683145 -0.6437436 -0.6893374 -0.820441
852 0.44203523 0.2753538 -1.3540542 0.098882325 1.185393
853 -1.3272961 0.14997548 1.7763786 0.9058412 -1.4605881
854 -1.4061177 1.1249279 1.0264672 -1.0045964 0.7113396
195 1.1929168 -1.3813711 -0.65181124 -0.20247903 -1.6081989
196 0.6756934 0.93080807 -0.57248974 1.0571707 2.082886
197 -0.11732433 0.4811156 0.50917345 1.59203 0.20721273
855 0.85867816 1.3375435 0.6204637 -0.8864217 0.10010981
856 2.187843 -0.9880571 0.18543497 -0.66999495 -1.5027925
198 0.750119 -1.8824636 -0.4382113 0.7765049 -1.2622855
199 -1.5290982 -0.26408795 0.38705823 0.5556262 0.8341994
200 1.5721463 -0.6808512 -1.0091944 0.9255701 1.0924232
857 -2.0123713 -1.096693 -1.5739495 0.37181216 0.44962132
858 0.95120925 -0.058551658 -1.9936168 1.0024208 -0.19034235
859 -0.31415164 2.3116424 -0.62892574 -0.38317192 -0.0060056224
860 -0.88757867 0.82060826 0.14456958 0.8265512 0.6204816
202 1.0648175 1.3725554 -0.9845139 -0.47129038 0.78625345
861 -0.33099225 2.012758 1.5087838 0.20093758 1.499792
204 -0.88945657 1.6203326 -0.10427558 0.4311139 -1.0782553
862 0.31071615 1.3501048 0.041417263 0.67944777 -0.71710736
863 2.5817883 1.3524846 -0.17656536 2.0826147 0.3528958
205 0.24350666 0.67448986 -1.3857849 0.31578666 -0.40646118
864 0.5329408 0.48667997 0.5142918 -0.7758732 -0.21635756
206 1.0725011 -0.09116071 1.134807 -0.2928374 0.91448414
207 0.07123556 -0.50580317 0.120750085 -0.043436743 -0.051703542
865 -1.6232706 -0.24350895 0.9279314 -0.6092466 1.3567843
208 1.1574146 -0.070835896 -0.2899159 1.595097 0.16349922
866 -0.9303786 0.41625598 0.058496185 0.21645792 -0.9331597
867 0.21474756 0.92434984 0.36851555 1.4268317 -0.9561427
868 0.3190331 -0.73430437 -1.3173459 1.2063371 -0.19620843
869 0.73918194 -0.11052931 -0.045468215 0.9792951 2.5350997
209 1.4226005 0.5417677 -0.57451886 2.2427955 -1.8235636
210 -0.4231711 0.72751343 -0.867233 -0.35137263 1.2159531
870 -1.0563372 -0.1423216 0.06686523 0.29618403 0.3628391
871 1.2278148 1.3018279 -1.2808841 -0.13500743 -0.047634635
872 -2.4657056 0.24535462 -2.044947 -0.16364695 0.9221469
873 1.8042728 -0.6476818 -1.3801044 -1.0971344 0.7308042
212 -0.08054853 -0.28705776 -1.122054 -1.905875 0.34758854
874 -1.747349 -0.32594964 -0.6877862 0.022103563 0.45625374
214 -0.83439785 -0.9921073 -0.9957844 -0.16969307 -1.5114529
215 -0.9625501 0.8604523 0.57407725 2.2999 2.482031
875 -0.38682255 0.38136297 -0.054514736 0.7997021 -0.44823098
216 0.06703032 -0.23371713 -0.66437167 -0.04321263 0.53825784
217 -0.31431887 -1.9821675 0.5548219 0.62251747 -0.60952157
876 0.41020834 1.312872 1.0250278 -1.1046624 0.42927665
877 1.7604111 -1.1029582 0.7650317 0.09221881 -0.29105124
878 -0.45637733 -0.5079999 0.76341164 -0.9493406 0.07221446
879 0.21306081 1.253089 0.35534054 0.92074096 -0.84042287
880 -1.7458396 0.03658197 -1.5079373 -0.18488516 0.43802252
218 -1.9528137 -0.12217502 0.4942129 -1.0354216 0.88212895
881 -1.3375096 -0.22352527 -2.0967987 -0.08422 1.4604398
219 -0.33071843 -1.0301765 -0.5568873 1.1431383 0.42689374
220 -1.4605774 0.28046435 0.19645792 0.23558296 1.789241
882 -0.7141856 -0.32194394 -2.0053947 -0.21885726 -0.26725653
883 -2.317223 -0.78871244 -2.1290662 -0.15279451 0.55738026
884 0.6908199 0.3151322 -2.069999 -0.02711505 -1.6303716
885 1.4814748 -0.3294866 0.82092905 0.9369106 0.69034624
886 1.2878221 0.5876784 -0.1348602 0.2352266 -0.33143917
887 0.37625122 1.1586027 -0.36011556 0.30351856 1.0544001
222 -1.3081181 0.78801924 0.40561053 0.16370307 0.78011847
224 0.7119578 -0.34059492 0.7083077 0.11778864 -0.08647281
888 -0.32122996 -0.093740255 -0.6137519 -2.1345623 0.5657939
889 0.11799867 -1.7294095 0.2947143 0.063999005 -0.2772377
890 -1.2229137 0.10865429 -1.2556294 -0.15805322 -0.4158103
891 1.778714 -1.4938381 -1.0978453 -0.3309244 -0.43191925
225 1.1544045 -1.2986305 -0.07806802 0.038854964 0.9004611
226 0.072943725 0.05402257 1.03701 0.93685406 0.49211025
227 0.44388425 -0.3964338 -0.64332795 1.0097308 0.7899733
228 -0.57286483 1.1824596 -0.62535995 0.31559438 1.005749
892 -0.2935462 -0.89996266 -1.8438765 1.035032 0.24479099
893 -2.7782989 0.66065264 0.35542235 -0.865899 0.1838497
894 -0.3335809 -0.23983638 -1.0542803 1.973322 -1.5305291
895 -0.39247006 -1.0337341 1.519547 -0.4056321 -0.31045246
229 -0.4995235 1.1718951 -0.34620687 -1.037364 -0.06481016
896 -0.49816832 -0.08238273 0.5427402 0.38265148 0.29146996
230 0.16662794 -0.8222269 -1.0554402 0.63734674 -0.724253
897 0.48912224 0.29659534 -1.4703714 1.7514411 -0.62347096
898 1.6527047 -2.1468945 0.32489365 0.27093044 -0.6489178
232 -1.3121138 -0.12468174 2.385613 1.7277715 0.5485345
899 0.64314437 0.47577727 0.15180597 0.052357066 -1.3123835
900 -1.0735358 -0.8937446 -0.016542861 -1.0147363 -0.33295146
234 0.48982066 1.3418262 0.67328167 -0.3528146 -1.7979057
235 1.0446306 -0.61043245 -0.32009658 -0.434654 0.7763919
236 0.72210175 -0.6789211 0.1970309 0.8224856 0.76034886
901 0.4197038 1.4240794 0.41812196 1.3359241 -0.1897933
237 -0.41200525 -0.60224706 -0.79200613 -1.0226531 -0.3453448
902 -0.30630127 0.19732855 0.22884722 2.6248024 -0.86172086
238 0.09327328 -0.8848378 -1.6143731 -0.6346531 0.53004086
903 1.5514491 0.5567301 1.2995313 -1.028209 1.5270449
904 1.1818473 -0.24498174 0.14676689 1.2353562 1.3392066
905 -1.2845019 0.7471232 -0.37977213 0.69636667 -0.102125175
906 -1.2087264 1.1542411 1.4803472 -0.6345807 0.873418
907 -0.041625474 0.48913175 0.17610227 -0.8016178 -1.2945502
239 -1.4769725 0.8067017 -0.4024548 0.9311621 0.92266804
240 -0.090642005 -1.0573215 0.04862537 -0.49439374 0.24506497
908 -0.4451993 0.72760695 -0.08598126 -0.16192788 0.89304805
242 0.885869 0.7609534 -0.65607935 0.058113217 -0.3551871
909 1.055941 0.67888576 0.6709584 -0.8371593 -0.9587498
910 -1.4369034 -0.8076173 0.3444564 -2.459159 -0.74720746
244 0.25085655 -2.0878053 0.43972078 0.9862104 -3.1022997
911 -0.83535177 0.68709666 -0.18871993 -1.2846808 1.2576493
912 -1.2087436 -1.0773052 0.8346743 -0.6340649 1.0495183
245 0.5418023 -0.5537537 -0.47601175 1.2409619 0.90537417
913 0.65452045 -2.3322008 -0.92539656 1.4179355 1.6620827
914 -0.10675659 1.6229419 -0.2895894 -0.30586538 0.056136806
915 -0.39268425 -0.5235896 -0.6915865 -0.23334405 2.3829463
246 0.36554426 0.4526272 0.004023078 -1.356074 -0.75897855
916 -0.7588008 2.613128 -2.3528163 -0.72426015 -0.06161313
917 -0.06634395 1.1929619 -1.0297556 0.87410235 -1.7593242
918 -1.3637066 0.44184077 -0.64404637 -0.6773663 0.22013246
247 -1.8895612 0.28891188 -0.20594095 -0.31125942 1.1497669
248 -1.0238508 0.30621067 0.52024406 -0.15592341 0.618113
919 -0.045609117 -2.0280898 -1.3964019 -0.32960767 0.5502363
249 -0.5999663 0.15210631 0.17862977 0.1981533 -1.7730453
250 -0.53227144 -0.24417548 -0.04738992 0.5440328 1.3398138
920 -1.9494203 0.9194883 1.1175637 0.06710581 0.20169504
921 -0.074764445 -0.20161098 0.15660892 -0.8623775 0.8186351
922 1.1887164 -0.26467225 1.1061536 -1.0508214 -0.051936284
252 0.46752962 -1.6967161 0.2148435 -1.4208544 1.2030592
923 1.0332463 -1.2601606 0.35295126 0.9499668 1.1328845
924 -1.1169761 -0.32631126 -1.6431197 0.34550005 0.67353046
254 0.03584524 0.7242741 1.3743557 -0.74287254 -0.16674879
925 -0.51865566 -0.119365945 0.46293443 -0.9592707 -0.65748775
926 0.94606245 -1.0013764 1.6824754 0.46430838 -0.7456858
255 -1.305066 2.422936 -0.21675861 1.8423835 -1.097638
927 -0.46732295 1.3607925 -0.2585181 -1.4012142 0.20583981
256 -0.70670587 0.26628375 -0.58616376 -0.5690253 -0.18402459
928 -1.4600031 -0.6194291 -0.49106547 -0.8802861 -0.8574659
257 0.1377937 -0.6610054 -0.057713825 0.5662002 -0.6601332
929 1.4528977 0.9511164 -1.0374825 -1.439687 -0.7815986
258 -1.2414036 0.21787958 0.42146862 -0.33902046 1.3166463
259 1.6314074 -0.10858793 -0.32047284 0.38220674 0.4682131
930 -0.96133596 0.98675567 -1.9744788 -1.2059044 0.64106214
931 0.8012772 -1.2192804 -0.8448142 0.35615075 0.2375045
932 1.0469881 -0.3822349 0.06973239 0.14403099 -1.8292863
933 -0.008371896 -0.5813167 1.0307124 -0.304774 -0.19013904
260 -0.009660598 -0.96521777 0.9500922 1.1383376 0.11685904
934 0.21908325 -0.11932125 -0.9188354 0.4284232 0.6281148
935 -0.1373098 0.774462 -0.9980466 0.6103942 0.6682552
936 1.9059002 -0.59960896 0.98125976 -0.4953459 -1.2176923
937 1.4337714 0.17817792 1.935752 -0.23342226 0.77198654
938 -1.1618322 -2.1009738 -0.11462908 -0.6871136 0.5405655
939 -1.5070244 0.2725566 -0.7889516 0.5003448 0.40063778
940 -1.1263312 0.2833519 1.743032 0.5419219 -0.9917892
262 0.221959 0.53865576 -0.67767286 1.5399945 -0.07773541
941 0.36125216 -1.9760783 0.2987402 -1.2973715 0.6443507
942 0.93544173 1.8296192 -0.6346536 -0.87227046 0.92765665
264 0.41649097 1.0816219 2.226159 -0.7687267 0.027831955
943 -0.16895841 -0.6658481 -1.1054329 0.5736518 -0.44903588
265 0.7171379 0.19875473 -0.24066907 1.3078313 0.008925443
266 -0.6865947 0.6612932 0.46668857 0.5454436 1.0575477
267 -0.02526173 -0.32720572 -0.9265488 0.2167321 -0.16153598
944 -1.2733339 0.25582618 -0.5299881 0.6910468 0.47720915
945 -0.39886022 0.8784589 0.59396416 -0.98684096 -0.094177105
946 -0.40910023 -0.91142136 0.04341556 -0.62729377 -0.7013778
268 0.04994951 1.0347414 0.30527303 0.1006364 -0.21775855
269 -0.24854676 -0.33782893 0.6627352 1.3834758 1.1525517
270 0.36536044 -1.1992966 1.0217054 -0.6513098 0.96464324
947 0.98889506 -0.4558045 0.9915079 -0.2657243 -1.6007504
948 0.018366672 1.4063783 -0.25965506 0.51729864 -1.2815682
949 0.23168603 0.44200012 0.50421315 -0.24793346 0.5734726
272 0.065101385 -1.7117234 0.029676149 -0.94995177 1.9235651
274 1.0784087 2.0539598 0.26701736 -1.6134512 -0.37225685
950 0.5359172 2.0935965 1.6884891 0.4392644 0.71753395
951 0.5717148 2.1660843 1.7207928 1.1018428 0.59130096
952 -0.69689476 0.29957977 -0.43492794 -0.4959301 0.099576704
953 1.4511102 -0.1858326 -2.28304 0.695343 -0.5783708
954 0.18987706 -0.34886912 0.37861022 3.7978458 0.65825564
955 0.8427415 0.39192224 0.28076872 0.6734857 -0.20740844
956 0.6053066 1.1896869 -0.71360826 -0.15988062 0.63505745
275 -0.29734704 2.2617638 3.249298 0.12862109 -0.9623612
957 0.38794157 1.0102168 0.22790313 1.2534115 -0.22608933
958 -1.067582 -1.2659332 0.24631794 0.13071522 -0.79757434
959 -1.4188842 -0.007828657 -1.4642092 0.02353933 -0.86414754
960 0.9783866 0.21609008 0.6008926 0.6473171 0.8587853
961 -0.050323583 -0.60091233 1.3844786 1.3985928 0.06835671
962 -1.0453104 0.7300846 0.5899862 0.5645385 -0.73432344
276 0.70791024 -0.48475632 2.0073729 0.12655857 0.010115477
277 0.51124936 -1.3668311 0.1686812 -1.0957271 -0.61892194
278 1.6409584 0.038092606 0.2958471 -0.048177484 0.57103217
963 -0.15607595 0.5246605 -2.55965 -1.7269437 -0.7700479
964 -1.5943872 0.7624389 -1.4074413 1.5114666 -0.24260496
965 0.9468272 -1.7511667 1.7162913 -0.69443536 -0.8730573
966 1.6296517 0.6654528 0.7003459 0.047183808 -1.1952578
967 -1.5441595 -0.43921015 -0.7349709 -0.707942 0.97672075
968 1.2072742 -1.0915824 -0.6955896 -1.3596897 -0.070647456
969 -0.68257165 0.8161019 -1.1250548 -0.37379885 1.6081111
279 -0.8803944 0.8093879 1.2857444 1.431538 -1.7790343
970 -1.3747414 0.13713993 -1.7274477 -1.8819184 -0.64200443
971 -1.4857229 0.09229639 0.7946122 -1.1398417 -0.046339236
972 0.6656644 0.15452494 0.8224502 -0.89599305 1.6193368
280 0.20990205 -0.2973731 0.9614827 0.38777688 0.44600087
973 -0.6712327 -0.18610807 -0.27941966 -0.6922175 1.2056074
974 1.9656636 1.6734705 1.0146185 1.2840538 -0.22897507
282 0.3476943 -0.86897266 -0.98653406 -1.7993823 0.30337575
975 0.04018863 -0.7951298 -0.0969934 -0.5901517 -0.63389534
976 0.5831014 -1.8045524 0.25072515 -0.1341155 0.2820614
977 0.97369754 1.0970879 0.51737446 -0.9470304 -2.8584445
284 0.14530332 0.62434375 0.84638673 0.12889948 -0.027823973
978 -0.1143497 -1.3484261 -1.7402606 1.5062455 1.8062667
979 -1.5906388 -0.7409752 -1.5358266 0.14500579 0.15586734
285 0.79763436 -0.7043479 -0.81934834 0.3011161 0.90862566
980 -0.1401445 1.7602379 -0.9531529 -0.8756204 0.43983456
981 0.50345665 0.90289176 1.2731453 0.028202826 0.19492759
982 0.019891586 -0.11390888 0.008669635 0.0914956 1.1902186
286 -0.39542952 0.006134414 -0.8133724 -0.47289 -0.70968395
983 -0.2860839 0.51787627 0.6838236 1.0447981 -1.5046351
984 -0.7472796 1.7083638 1.2905183 0.87694293 -1.0012884
985 0.19529852 -0.7741059 -0.6232273 -0.16702394 -0.36465764
287 0.2589343 -0.4775024 0.7513754 0.7734623 0.08114546
288 1.4439603 -0.77990395 0.27127007 0.26376888 0.18660596
986 0.07244949 -0.28762826 -0.42348894 -0.27345854 0.62284863
987 1.6793326 0.03009785 -0.6000766 0.49523544 -0.17363833
988 -0.22798258 0.28831717 -0.49737188 -1.081932 -0.42612314
989 -0.78149825 -0.61332715 -0.11274169 -0.39972714 -0.05932608
990 -1.2496544 -1.2010964 -1.0893298 -0.8059521 0.763167
289 1.0780164 -1.0934112 -1.1372057 -0.33068419 0.2087304
290 -2.2078166 0.44514358 0.85287344 0.94152606 -1.8234105
991 0.6129534 1.176887 0.45797026 -0.1947321 0.6081508
992 1.0948224 0.4911979 0.15459245 -1.5285091 -1.1903889
292 1.370273 1.2612832 -0.40652096 -0.34691843 0.13261147
993 -0.36533752 0.7214968 1.1079352 -0.5724675 -1.2912118
994 0.74496496 0.9034923 -0.6244328 -1.1637124 0.29724762
995 -0.34326208 -0.32521787 0.43118677 -0.9600811 0.45190087
294 0.47188568 -0.2877597 -1.0339321 -0.3809972 0.93959016
996 -0.8945682 0.41136494 -1.7832513 -0.69540524 -0.0137992995
997 1.952165 0.31920746 -0.4895697 0.7445914 -1.9803337
998 0.0045568664 1.0175179 -0.16087958 -0.18308954 -0.95392954
999 0.058799174 1.3380299 -0.16033868 -0.015932666 0.02807205
295 -0.2957565 0.45965946 -0.28857172 1.6306466 0.4510756
296 -0.113530435 -2.0832236 -1.589872 -1.392798 -0.04895632
1000 -0.554866 0.11968551 -0.15771191 1.4022579 0.2648717
1001 0.3792021 -0.9982358 -2.1654613 -0.52094704 1.0994477
297 -0.06603397 1.1250572 0.8897893 0.9976266 1.5709671
1002 1.4232599 0.9913888 -0.34274086 -0.92647636 0.44609538
1003 -0.7007689 1.0908221 -1.4987494 0.62978345 -0.18714902
1004 -0.6580592 0.21096875 -1.1901921 -2.3764584 0.24239935
1005 0.024503779 1.1500351 -0.96352136 -1.593213 -0.6027484
1006 -0.029426834 -1.603391 0.7369325 0.48212358 -0.29970497
1007 0.80260706 -0.20762813 -1.4363058 -2.0054462 -0.49958983
298 1.1176131 -0.18227562 0.24162495 0.35806572 -0.43692482
299 2.2921753 -0.23238207 -1.8847284 -0.3698417 -1.3397858
1008 -1.8802816 0.65320593 0.9553299 0.15169162 0.5365614
1009 0.46079838 -1.5954752 -0.11431721 -0.7655195 0.6179974
300 0.53943646 0.6087341 -0.47707185 -1.4443438 -0.5469135
1010 -0.05475988 -0.101655364 1.3074309 -0.7752663 -1.4626714
1011 -0.25636742 -0.59796846 1.1432668 1.6701833 0.35520825
302 -1.5243081 -0.13446333 0.40808 0.0893737 -0.52835065
304 0.8096804 -1.3004785 1.290821 0.16917372 2.2727015
305 0.13978732 -0.4659561 0.0975075 -0.7990378 -0.018123873
306 -0.3533105 -0.5359775 0.7556235 1.2020047 0.6833828
1012 0.95939666 -1.3599244 -0.29972526 1.9603271 0.6692996
307 -1.6815189 -0.33378276 1.019138 -1.0426999 -1.4301622
308 -1.1260173 1.2714915 0.07015998 -0.8035228 0.8376572
1013 0.9505106 1.1338404 0.10101882 0.50107086 1.1225405
1014 -0.5778884 0.3059518 -1.2144423 -2.2120132 -0.71396494
1015 -0.23174386 0.6282346 0.5235366 1.5269748 -0.34869123
309 -2.2622576 -0.7357259 -0.35587832 0.9412551 -0.64028156
1016 0.88407993 -1.0941793 -2.506938 0.5638208 0.481286
1017 -0.06682492 0.3611406 -0.9227778 -1.2116461 0.6957106
310 -0.8095819 -0.43550617 -0.6141294 0.31380984 -0.2690785
1018 1.3533323 -0.6110478 -2.1162858 -1.7830275 0.76437473
1019 0.48502874 -0.88445354 -0.65884775 0.8012366 0.45353654
1020 -0.9368411 -0.704137 -0.77289945 -0.42330003 0.6812052
1021 0.30056074 -0.55950636 -0.42992738 0.34182897 -0.94551134
312 -0.50013024 0.45515585 1.1779091 -1.1019866 -1.0666274
314 -1.7754849 -0.13793835 0.81590396 -0.6650799 0.09312765
1022 0.061492287 0.38031256 -1.2130558 -1.917098 -0.27147126
1023 -0.54700506 0.78841466 0.8700406 -0.7578706 0.95907766
315 0.1496394 0.7351509 1.029342 0.09382567 0.0072679115
1024 0.3976437 -1.4391658 -1.3667362 1.2405194 1.0283922
1025 -1.0536486 -0.9352036 1.9603997 -1.765142 -0.102996536
1026 -0.95132965 0.57810295 -0.6623369 0.02736701 1.7030455
316 1.2717165 0.934556 0.08738532 -0.3058181 0.77641594
1027 -0.28846857 0.5441931 -1.6034807 -0.7645389 -0.7298192
1028 -0.44824 -0.14994365 0.5925787 -0.4662832 0.1863972
317 0.47242713 0.78683275 -1.6142591 -0.12332139 -0.6274499
1029 -0.66577256 1.1167477 0.9876129 0.18423072 -0.5276614
1030 -0.89970297 -1.4329212 -1.1138904 1.173538 -0.39709824
318 0.69007 0.54619443 -0.9844874 1.0898786 -1.1985171
319 0.32098484 -1.9407642 1.548198 -2.4509487 1.885248
320 0.7803044 1.9839991 -0.4126913 -0.1902099 0.8206064
1031 -0.3207308 0.2940848 1.7031384 0.47304592 -2.3690543
1032 2.0910165 -0.65604 0.8603335 0.04994302 -0.5324455
1033 1.5844002 0.11550616 -0.06101182 0.008789734 0.121330835
1034 -2.0810814 -0.2061067 -1.782053 -0.16676252 0.6546174
1035 0.6020757 -0.33291018 1.4614816 -2.2736444 0.3951828
1036 -1.3181483 0.042590305 0.054064475 -0.5888074 -0.5529823
1037 -0.06298126 -1.4639556 -0.22028013 0.89881516 0.13849331
1038 0.30042174 0.8037908 0.022196675 1.2744608 0.49935907
1039 -0.46208417 0.79701406 0.34863663 0.17461261 -1.5695564
322 1.37342 -0.40893397 -0.47377777 -2.4290476 1.2052083
1040 -1.0612023 -0.49727273 1.3765968 0.031683415 0.21979247
324 -0.9068989 0.30989853 -0.41337514 0.38791955 -0.33841035
1041 1.6601506 1.0274134 0.70818365 1.3338158 0.8706565
1042 0.6367922 1.055053 -0.49260247 -0.8941124 0.7063046
1043 0.29621577 1.0071532 0.3880525 0.40123188 0.31228536
1044 -0.16984352 -0.19080968 2.3112798 0.42721173 -1.3368424
1045 1.0788256 -0.011910344 0.88229704 0.939138 -0.3729764
1046 -0.26734522 0.8997561 1.2346537 0.27757993 0.4797687
325 -0.784727 -0.006032591 -0.6324064 -1.7761058 -0.2494942
1047 -1.9531599 1.1717596 0.16833834 -1.5196197 1.6348143
1048 -0.29956138 1.5198922 2.1398897 -0.48460984 -0.71029973
326 -0.6323862 2.903163 -0.2596663 0.99020493 1.8780887
327 -0.64633095 0.10409733 -2.2295203 0.9772863 0.32532838
1049 -0.6871876 0.5483589 0.44978157 1.5885705 -0.3974293
1050 -0.18336989 0.7294376 0.94824 0.72497356 -0.9718797
328 -2.2933383 0.068129465 -1.4712112 0.43810105 0.76813525
329 -1.9933286 -1.2885295 -1.3778837 -0.62757975 -0.878676
1051 0.57818794 0.29000244 -1.340199 1.4587952 -0.79729664
1052 0.5748082 0.46070418 -0.5730277 -0.31244966 0.89249784
1053 1.1173238 0.82851976 1.1899374 -0.92622983 1.0809525
330 1.2128181 1.66354 -0.60674113 -1.1499865 0.38217705
1054 -0.08567768 -0.43973768 -1.6281612 -0.25186262 -0.8531076
1055 -0.037923116 -0.76269406 2.2910187 1.130679 -0.574672
1056 -0.06726441 -0.40091732 0.6835474 1.2388808 -0.010338441
1057 0.36294815 -0.80132455 -1.7814047 0.7713123 -0.4255391
1058 0.39222687 -1.7947116 -0.28183138 0.10306649 0.3578958
1059 0.5410991 0.6356223 1.6699294 -1.4710567 -1.1696447
1060 0.7151395 0.5133189 -0.34577638 1.3827208 0.71882814
1061 -0.18658008 -0.19989747 1.1026942 -1.9569616 -0.27833498
332 -0.023332242 0.1052069 -0.73610485 -0.76234823 -0.51953137
334 -0.44004363 0.11790037 -1.1339866 0.43278474 -0.9211463
1062 1.8131497 0.015722753 -0.67143863 1.9048775 -0.8242647
1063 -0.5186608 0.29634032 -0.29784715 0.8230768 0.8708532
1064 1.4417297 -0.21890838 2.7778795 0.35805792 1.0402029
335 -0.055879638 -0.13766961 0.12613039 0.6383478 -0.26386783
1065 0.94081455 0.15933466 0.48088607 -1.7343425 0.40786123
1066 1.400935 -0.166477 -1.5894458 -1.7886102 1.4161202
1067 -0.6328417 1.7884794 -0.16449961 2.0151322 -0.7090986
1068 0.14299794 0.044385836 0.094951965 0.09540015 -0.5983158
1069 2.874568 1.6675843 0.27711263 -1.7420746 -0.5060447
1070 -0.93832874 0.101178735 -0.4156094 -0.43173647 -0.32550052
336 -0.33222947 -1.0634663 0.06429765 -0.7294303 -0.98451644
1071 -0.29252884 0.44766736 -1.784704 0.042243782 1.148855
337 0.17913929 0.089607485 -0.104582444 1.4575617 0.15716568
1072 -0.39328408 0.22412735 -1.2515635 0.4339905 -0.011163095
1073 -0.19602941 0.77718556 0.86352795 0.2332727 -0.043550957
1074 -0.491475 0.9767066 0.32973316 0.3392855 -0.06770272
338 0.12516886 -1.1600833 -0.8319136 0.48872074 -0.20790695
1075 -1.3254485 0.93621856 -0.36539719 1.1974883 0.6871523
1076 -0.34117293 -0.5876302 1.4354842 -0.02994963 -1.7881817
339 -0.80246973 -0.14017592 -0.71182686 -0.6239391 -0.13997227
1077 -0.18910965 -1.5125792 0.85110784 -0.60799795 -1.3481461
1078 0.17272149 2.216015 2.6508474 0.55357665 -0.32686582
340 0.5305989 0.2680904 0.84503996 1.4200428 -2.6488836
1079 -1.2233806 -0.6115059 0.40114236 -0.30860028 -0.05927629
342 0.46594802 0.06579797 0.46348724 -1.0464166 0.6367015
344 -0.35436678 0.2351705 1.6876174 -1.3081114 0.8356937
1080 1.5365669 0.3923554 0.6059369 0.6391242 -1.1938947
1081 -0.3104407 -0.26254967 -0.28913796 0.37262 -0.56796545
1082 -0.42154315 0.4209688 1.5519965 0.1835797 -0.060822595
345 -0.87313443 0.56388915 -0.33909333 -0.859478 -0.2957067
1083 0.5383029 -1.1089402 -0.74639404 1.0629445 -0.84524643
346 1.3853434 -1.2320809 0.35899085 0.25064406 0.5814498
1084 -0.40514356 -0.16343148 0.13485485 -2.9694598 0.24651347
347 2.120058 -0.61999637 -0.92765284 -0.4913296 -1.0876302
1085 0.0780123 0.27524126 -2.5817373 -0.59508747 0.47639865
1086 1.6582414 -0.24445632 -1.5871986 1.6615002 0.044547588
1087 -1.0259665 0.08673076 -0.6909365 0.21753182 -0.18207236
1088 0.3676911 -0.9153106 0.6740516 -0.25045377 -1.0792
1089 0.3742355 0.29439396 0.30507916 -1.2791556 0.12409429
1090 0.2850963 -1.3034704 0.67392236 0.42039487 -0.31139755
348 -0.3134474 -0.5347137 0.63226783 0.41749525 -0.22218533
1091 0.015398182 -1.7400051 0.7012163 -0.013369907 -0.605026
349 1.5414625 -0.18994136 0.7760094 0.12343591 -0.8343589
1092 0.9148313 0.15914391 0.5368748 -0.043348484 -0.30428723
1093 -0.26897272 0.04657728 -0.73317707 1.1400168 -0.069301136
1094 2.1121788 -0.49169815 0.08814614 0.14959759 -0.42867318
1095 -0.7889338 -0.97254324 1.6320673 0.48383078 -0.20704804
1096 -1.4346222 0.37017992 0.014627408 0.33216065 -0.6057557
350 0.6181019 -1.3944703 -1.2030318 1.009336 -0.4186383
1097 -0.8415802 0.03043921 -0.93575966 1.5590861 0.4834643
1098 -1.1068497 -0.6634911 2.0958507 0.2650276 -2.1650453
1099 -1.3189131 0.18389595 0.2551282 0.038781248 -0.42245787
352 -0.542944 -1.8122958 -0.8461394 0.5859443 0.2723854
354 1.3248852 -0.75711536 1.4046574 2.189962 1.2567292
1100 -1.1602265 0.9871228 0.35652024 -1.1989908 0.6967947
355 0.2451825 1.0006727 0.85408676 0.65300345 -0.7056872
356 -1.2281477 0.42789727 0.12362367 -1.1713848 -1.2571005
357 -1.17666 0.14293341 -1.2016991 1.0331559 0.11670963
358 -0.9087381 0.6375616 -0.806659 -0.32745615 0.58923775
1101 -0.7781047 0.7128981 -0.98413813 -1.1093272 -0.7454693
1102 1.1022378 0.3418578 1.1610534 0.016510522 1.7302158
1103 -1.3002758 -0.13456503 0.55552226 1.5092267 0.10617312
1104 1.2294853 1.2255585 0.570938 -0.20376535 -1.4599771
1105 0.5324503 0.6164384 -1.4931507 0.5569674 -0.20160052
1106 1.2715245 -0.570007 0.23419006 -0.029267645 0.4479269
1107 -1.2851225 -0.43334427 -0.83972543 -0.5087639 -0.7020374
1108 0.59796613 0.45070168 1.1628346 -0.18641083 0.14691986
1109 -1.5307525 -0.31683177 -0.44256026 0.08875448 -0.4614993
1110 -0.70917 0.7749509 -0.91317606 0.85650957 1.196408
1 -0.31973407 0.35308674 -0.41816086 -1.8476988 -0.9664077
3 0.64038396 -0.054485895 -1.3414627 2.0439034 0.6268006
11 -0.7129426 -0.873253 -0.15422522 0.6345171 0.3122262
13 -0.4523346 0.7680549 -0.39349484 0.4084708 0.056060262
21 -0.6832325 -0.34750658 0.28990474 1.4549125 0.13123938
23 -0.9924448 -1.7244523 -0.77597964 -0.37420082 -0.14118913
31 -2.2702324 -0.09773063 -0.5404278 0.57961744 0.4484318
33 1.6036942 -0.35935047 1.1574183 2.5865574 0.12586649
41 1.0915979 -1.7605668 -1.0103533 -0.5456377 1.5433784
43 -0.95078015 -0.68134636 0.93036914 1.4702073 -1.1137377
51 -0.12624745 -0.0714483 -0.93946785 0.50615674 0.8463351
53 -0.58086497 0.14095294 0.03471499 1.1806628 -1.1962248
61 -0.9147196 -0.34101743 1.2845073 -0.22999023 0.8966169
63 0.018301157 0.09259565 -0.9728356 0.45100722 0.72845405
71 1.3505882 1.1868495 -0.1359653 0.8495079 0.05484198
73 0.23760615 0.47178152 0.31202808 0.66144794 0.31041458
81 -2.0241628 0.7076816 -0.5232874 1.0588089 0.11664804
83 0.08336075 -0.05016428 -0.254256 -0.28764847 1.4373754
91 -0.119849704 -0.8509435 1.2195312 2.2872698 -0.28916723
93 -0.2122759 -0.80147994 -0.43182027 -0.36145863 -0.22301616
101 -0.9658879 -0.27823266 1.9247851 0.31984174 0.58747554
103 0.26304767 -1.5714897 0.841671 -0.7815828 1.0029861
111 1.5198817 -0.992596 0.36407074 0.50850946 0.8745928
113 0.3141823 1.2472631 0.5293182 0.1943577 -0.9308571
121 -0.19635352 -0.9125635 0.09453724 0.5321717 -2.4630272
123 -1.0317634 -0.5002387 -0.32576337 -0.29376754 -0.12072272
131 0.23013742 -0.7875452 -0.8844811 -0.19723214 0.36162817
133 0.12171264 1.6444651 -0.50029415 0.63309544 -1.6141851
141 -0.36037165 0.2516499 -0.67099816 0.19500315 -1.1626675
143 -0.73765033 -0.35047698 0.95509535 -1.25853 0.26346406
151 0.55221695 2.3789706 -0.23786293 0.32949775 -0.086269304
153 1.2601619 0.19009376 -1.0818738 -0.5150252 2.132765
161 0.1530752 -1.75991 0.78078103 1.6315774 -0.45289013
163 0.22885251 0.31354895 -0.7231104 1.3510698 -0.024056086
171 -0.00018353338 0.56370604 -0.5976278 0.60104465 0.0075657186
173 -0.59992194 -1.7141546 0.5448998 -1.3580617 1.4532722
181 -1.1220329 1.5132382 0.1683691 0.5104229 -0.8254366
183 1.3727885 -0.5698049 1.0614437 -0.5806872 -0.76661676
191 1.105564 0.19812955 1.3865008 -0.5064407 0.5593817
193 1.9089562 0.34018722 -0.5944849 0.1306507 -0.55042416
201 -0.09043225 1.49174 -0.47788706 0.10153122 -0.013659381
203 0.3047495 -1.2805479 0.590234 1.6647705 -0.14281173
211 0.72552973 0.32015494 -1.2056355 0.37317064 -0.25983676
213 1.4154866 0.16437775 -1.2191074 -1.1539519 -1.048545
221 -1.5777807 -1.4933767 -1.1164194 -0.13748942 0.755978
223 -1.5969514 0.30818638 -1.3898016 -2.218245 -0.8313072
231 0.032415606 1.913259 1.1891693 -0.09330884 -0.49525076
233 -1.1518477 0.5266689 -0.51181597 0.2974084 -0.333089
241 1.062391 -0.18052185 0.81298065 -1.2840955 0.582027
243 2.2046962 0.714461 1.3337251 -1.0053464 2.5721583
251 0.8049019 0.14528257 0.65756404 -0.9189987 -0.27622396
253 -0.7564863 1.4721332 0.17077744 1.5695889 0.07634815
261 0.31893447 -0.38769656 1.4683753 0.09066659 0.89654684
263 1.3959615 -0.32264382 0.7987105 0.3769841 -2.046584
271 -1.7290975 0.4803315 1.3591781 2.0577648 1.5117775
273 -0.557552 0.21188319 -1.1907634 1.2603747 0.29707032
281 -0.12702322 -1.2001578 -0.6496998 -0.2190326 1.0151646
283 -0.8223374 0.19362107 -2.131168 -0.8891237 0.20309788
291 -0.55770886 0.33455175 0.7262794 -1.9390771 0.31134102
293 1.596885 -0.21445903 -0.68406826 -0.7863492 0.21443783
301 -0.31825656 0.589968 -0.6886085 0.30710757 0.65965664
303 0.76825774 0.9556177 -0.19730487 0.6119257 0.7759328
311 0.2900002 1.1567078 -0.10957689 -1.006569 0.6432921
313 0.30531478 -0.58395773 1.8408109 0.7241928 0.6025912
321 2.399894 0.64617693 -1.6830077 2.198259 -1.35779
323 0.014539411 1.8369588 -1.759139 0.4410735 -0.052788474
331 0.3591448 -0.64816624 1.636512 0.042680066 -0.012411724
333 -0.6336557 -1.3813168 -1.6498013 1.5063838 0.8942835
341 -0.031096904 -0.9379374 -0.0622855 -1.065031 1.8694637
343 0.0046485104 -0.42848778 -1.4047658 2.0720696 -0.32103515
351 -0.8206483 0.16826904 0.7517513 -0.16472067 -0.02902312
353 1.1141694 0.28434485 0.1803407 0.105381824 1.0597225
