 0 1 2 3 4
360 -1.3502306 0.83496624 -1.1408621 0.84274036 0.5127592
0 -0.7232627 0.07616351 1.0130147 -0.52611214 1.3022625
361 1.346057 -1.2102866 0.30992517 -2.108449 0.6505314
362 0.48337057 0.40419185 1.8016464 -0.48126185 1.4103503
363 1.0010608 -1.0275816 0.68688476 1.7100095 1.2218735
364 1.0952283 -0.0679822 -1.1374432 -0.70801175 1.4433029
365 0.42511433 -1.1969212 1.1431351 0.7528616 3.2406986
366 0.18843149 1.4199692 -2.01197 0.6207246 -1.6626979
367 -0.2347138 1.0726559 0.38519108 -0.35007778 -0.07723483
368 -0.0130069265 -0.2976522 0.12198932 -1.0903863 0.60882866
369 -1.3126222 0.089401685 0.99087906 -0.27022716 2.5917976
370 0.42767704 -1.9983807 0.44865495 0.07249186 0.6776878
371 1.3299834 -2.5459728 -1.0374506 -1.9336984 -0.29743576
2 -0.23026118 1.496756 -0.028073622 -0.5754231 0.09950403
372 0.70527303 -1.4968274 0.124703735 -1.0487673 0.3390159
373 1.0067148 1.0385859 0.33364585 0.4341476 -0.039870963
374 1.9912782 1.3224204 -0.048878927 0.16318575 0.3986778
4 -1.5408927 0.8758467 0.0889573 0.40053976 0.14430442
375 0.2955757 0.78018516 -0.06713347 -1.2513154 0.28683513
5 -0.7664644 -0.57243526 -1.6427941 1.0608051 -0.8776844
376 -0.28694728 -0.7052928 -0.4029214 -1.668701 1.1308388
377 -1.6418018 0.84410435 0.057102438 1.9081403 0.5643841
378 -1.665093 0.86259514 1.2387671 -0.4387283 0.2486042
379 -0.3337123 0.76356715 0.79442555 0.009665317 1.8052274
6 -0.7173148 1.9476414 -0.5136719 0.90625834 0.6024333
380 -1.1357974 0.30612242 -0.13539071 1.4133557 0.28042808
381 0.97924817 -0.10332196 0.3302865 -0.90408486 0.71335465
382 1.3848603 -1.3238531 -0.41470864 0.40638694 0.9611142
7 0.07726495 -0.814705 -1.7053655 -0.77176756 0.7283604
8 1.0947849 -0.9610188 0.38514483 0.008165254 -0.7253896
383 -1.0245162 0.22685567 -0.34539273 -1.8405141 -1.3549786
9 1.7214255 0.51439863 0.90297437 -0.84903234 -0.8134359
384 -1.2169405 0.16621861 -0.45499635 -2.4866133 0.8106629
385 -1.6548998 0.22771028 2.0294075 0.29824215 0.5562925
386 2.4478378 1.29533 -0.77066416 1.3612893 0.44777504
387 -0.2777922 -0.48861828 -0.27739918 -0.066271044 -1.4363687
388 0.7216716 0.99371386 1.1319817 1.8898513 0.2797528
389 -1.0072653 -0.9058025 -0.17096914 0.79003143 -1.1118925
390 -1.1468976 0.14372288 -0.26330695 0.4607093 0.21821503
391 -0.143806 1.0926167 0.46535444 0.5241506 -0.7939472
10 0.28029487 0.9406056 -1.5809779 0.97069484 0.64750654
392 -0.29665112 -0.6935196 2.3756511 -0.24900226 -0.094765596
393 0.1723898 0.8695409 0.5850266 1.3029615 0.6671169
394 1.0694754 -0.07889966 0.31173345 -0.41491592 -1.0516896
395 0.49431446 0.56968355 1.1622148 -0.8311915 -0.27714476
396 1.1295907 -0.35991982 -0.17936485 -1.371956 1.2963984
397 -0.28860748 -0.53295875 0.82654923 0.22216341 1.5007756
398 -0.36270803 0.9510847 0.5541924 -1.8063674 0.7167666
12 0.79126906 1.1098518 -0.14823052 -0.7400067 0.69470143
399 0.061996266 0.83306444 0.64956546 -0.52227956 0.8000796
400 0.99351114 -1.8744023 1.25956 1.3710659 -0.17694306
401 -1.5599793 -0.20838003 -0.8028553 -0.12055432 -0.3164278
402 0.40155154 -0.14314188 1.202928 -0.91205394 -0.5005767
14 0.34062326 0.3951592 0.9382864 1.2234982 -0.98984295
403 1.7627571 1.9521435 -1.0837915 -1.475663 -0.83019483
404 -0.26264775 -0.2800174 -0.8163104 -0.98924786 1.8980448
405 0.22299074 -1.0431025 1.1430898 -0.02884301 -0.68322235
406 0.73962206 0.2454581 0.44348386 -0.4967389 0.6651499
407 0.8106256 -0.8510713 -1.0282831 1.7504612 0.5843489
15 -0.17510092 -0.22073258 1.6499101 -1.036446 -0.04810242
16 0.77844036 -0.22279604 0.020364193 -0.53359497 1.1500268
408 0.64104503 -0.7079573 -0.0012751733 1.5127699 -0.70286494
409 1.9572266 0.06565306 0.03117955 -0.96799904 0.35295746
410 1.265115 1.3076872 -0.107211836 -1.3855739 2.3874087
411 -1.7415539 0.51074153 -0.8166925 -1.1444638 1.1689321
17 -0.21710768 0.49440295 -0.3676208 0.08850566 0.34842563
412 0.48875242 -1.7108269 -0.031923078 -0.73189104 -0.83154136
413 -1.2532287 0.8934741 1.584833 -2.6026468 -0.15867175
414 0.59602344 -0.1377123 -0.2648753 0.11557306 -0.30284283
415 1.1473422 -0.51798475 -1.553023 -0.29758224 -0.12676515
416 0.022809032 -0.6599043 0.30493718 -1.5973743 -1.8318894
417 2.209524 -1.645683 0.29054284 -0.12344109 -1.6460831
418 -0.55627084 -0.74140686 -0.7247536 -0.759721 -0.8971667
419 -0.17996228 -0.23619922 0.5192333 1.0366162 -0.15554917
420 1.3944821 0.11546172 -0.6889795 0.03632129 -0.9348527
421 0.4338579 0.9047567 -0.9456813 -0.8390864 -0.70772225
422 -0.29145762 -2.7149146 1.4192526 0.9010794 0.68812835
18 -0.2711514 -0.17484942 0.33054274 -1.0387824 -0.16051231
423 -2.1360803 -0.43529078 1.6692228 1.0039449 1.0716983
424 0.43634036 0.64163995 1.2022367 1.0889052 -1.1314294
425 1.0622814 -0.5718272 -1.1133834 1.8729411 -0.062791325
426 -0.12326984 0.43718234 1.130444 -1.6262656 -0.25821736
19 0.114043415 -0.044184078 0.6182741 2.2969892 -0.77317524
20 0.57034385 0.5553818 0.6592993 0.23028561 -0.87147826
427 -0.15528545 -0.6899666 0.16272673 -0.1900633 0.46875602
428 -0.1721693 -0.23332082 0.47961822 1.6459149 0.39486232
22 -1.6081836 -1.1571977 0.5267838 -0.7253382 -1.6754117
429 -0.0063373623 1.132292 -0.54118 1.701395 -0.18688199
430 1.057106 -2.5255086 1.4269266 -0.07844223 -0.14890195
431 1.6469568 -0.32450297 0.22550154 -0.3761615 0.9173429
24 -2.1756344 -0.69843584 -0.66488695 -0.17757395 1.297733
432 -0.28950608 -1.5458716 0.28300595 0.42243612 -0.19867589
433 -0.06422603 -1.0986927 -1.647939 -0.043957077 -2.317813
434 0.64728343 0.40703568 -0.5394487 1.4609811 1.4282883
435 -0.038092382 -0.19354907 0.9332687 0.2458858 0.49946544
436 -0.44452107 1.13605 0.44850615 0.41334993 -2.415959
437 -0.5420977 -0.015343932 -0.6023537 -0.40791038 -1.3091574
438 1.3319541 1.2106696 0.0063949665 1.5655457 1.6297786
439 -0.15443794 1.3235372 -0.43483365 -0.16883215 1.040816
440 -0.01560452 2.3229935 -1.2087252 0.47274056 -0.99885416
441 0.6240146 -1.0586075 -0.37416065 0.5811395 0.52515626
442 -1.289841 -0.3500864 1.7023962 -0.7327397 -1.1236329
443 0.48435688 -1.7580975 -0.48349243 -0.47646484 -1.2065859
444 1.2373806 -1.7825891 -0.61842424 -0.41909558 0.34610313
445 1.0883017 0.032867458 -0.11686157 -0.28364745 -0.6784473
446 -0.040615704 0.6347253 1.6452138 -0.548809 -1.1257781
447 -0.3041533 -0.49598038 0.5392379 -0.46361125 0.6416596
448 -0.7840229 1.4895494 -1.235547 -0.26466852 -0.2580954
25 -1.0231688 0.18329763 -0.21818691 0.019126376 0.26559588
26 -0.5861812 0.18282357 0.7742489 -1.3662406 1.3508402
27 0.32370973 1.2313368 1.1119571 1.0659047 0.15706019
28 -0.5551182 -0.055539504 1.3266124 -0.42956445 -0.11364062
29 -0.7195782 0.57795376 -1.4791836 -1.7217577 -0.5949687
30 0.3792507 -1.2805203 -1.2154149 0.4064057 -1.796396
449 0.96477246 -0.33284137 -1.7633022 0.00032788422 0.22228283
450 0.61161876 -1.6955965 0.42655498 -1.2481877 -0.25463924
451 0.7443697 0.19027857 -1.5674952 0.6828495 -0.28520992
452 1.5991154 -1.0801117 -0.5571613 1.0073944 -0.74667966
453 0.8173246 -0.2984104 -1.8826348 1.7911353 -1.4206617
454 0.3748826 -0.39957842 0.384813 -0.6668104 -1.6678665
455 0.7052464 -1.87579 -1.7383815 -0.35886806 -0.8416506
456 -0.25589308 -0.6815371 0.44775853 -0.36974183 0.6352162
359 -0.10324123 -1.0792845 0.32011944 -0.9683536 -2.005989
457 -0.28312966 0.352673 -0.43678156 1.4060146 -1.5358764
458 0.96244305 1.202312 -0.53223705 1.3648449 -0.055441946
459 0.37366244 1.2069743 -0.87825423 -1.0419275 -0.6939856
32 0.3453971 -0.8905606 0.92300844 -1.0472697 -0.38171047
460 2.060899 -0.34939054 1.1036785 0.22513509 0.19990808
461 -2.765485 -0.0044279173 -0.73975474 0.54753065 0.29740322
462 -1.8289002 0.26821962 2.020753 -0.88472956 -2.1010175
34 -1.655309 -0.32708868 1.3794324 -0.88935477 0.021401437
463 0.06554176 0.1650328 0.20680097 -0.8712434 1.087681
464 0.52217716 -0.49368247 0.69857633 -1.4962891 0.08139931
465 0.0005797032 0.47051042 -0.1896156 -1.6142578 0.3570196
466 0.47796375 0.9251316 0.005623461 1.9095128 0.92890483
467 -1.032161 0.2981949 0.9806847 1.556756 0.57430196
468 1.0149153 0.21196288 -1.036247 -1.0357322 0.8402614
35 0.021546947 -0.34325698 -0.2941969 1.869449 0.98876214
469 0.3578692 1.0479847 -0.0031965685 -0.26544544 -0.52181935
470 -1.4798807 0.84455305 0.41403973 -0.0471397 -1.2053679
471 -0.55504316 -1.2303791 -0.53668094 -0.12158989 -0.32848847
36 1.4988436 1.1265237 -0.7313327 0.71343625 0.40557957
472 -0.37093475 0.8325846 0.6448811 1.9259127 -0.36365435
473 0.021880293 -0.7437564 2.050941 0.22587487 -0.6807021
474 0.09332484 0.96334565 0.55458003 -0.24706933 -0.7236658
475 0.0020308292 -0.387498 1.8042675 -2.8986745 0.315966
37 -0.43667203 -1.3436366 -0.4466205 0.33859777 -0.24046452
38 -1.1339622 0.48755264 -1.8606387 -0.68683213 -0.21528326
39 -0.013815559 -1.0716519 0.24973874 1.3042287 0.9645723
476 1.4086539 -0.09619345 -1.259174 0.7977215 -0.885612
40 0.6880675 1.0581644 0.6877366 -0.8850188 -0.9801156
477 -0.96757835 -0.96863705 -0.9776682 -2.3618317 0.10090049
478 -0.6332499 1.1754562 -0.37215176 -0.74059695 -2.046365
479 1.4828851 0.71209353 -0.09526187 0.8057082 2.092659
480 1.3137593 1.0700694 0.6833665 -0.19973268 -1.793962
481 0.98673964 -0.80138326 -0.25306883 1.9938778 -0.14275819
482 0.6832487 -0.74417144 -0.561121 -0.47611645 -0.5622354
483 -0.33571404 1.1020108 0.9901138 2.3144064 0.2326454
484 0.52898717 -1.1570996 0.7768679 1.7424768 -0.86938953
485 -0.5539821 2.1446092 -0.50150424 -0.8834454 0.91731334
486 1.1432052 2.1179395 0.97595686 -0.23627143 -1.9265594
487 0.3297547 -0.77237517 0.93760526 -0.60123014 -1.5000272
488 0.2185545 -0.6657686 1.2753792 -1.2863635 -0.9551699
489 1.2790223 0.10706643 -0.5930028 -0.38692358 -0.07544843
490 -0.68336195 0.44709873 0.6657186 -0.42947474 -1.6234074
491 2.4844918 0.046249546 0.16116372 -0.31256807 0.4095688
492 0.6363831 -2.2853987 0.16141774 0.35561645 -1.2746129
493 -0.74477184 0.6167765 0.08560014 0.8885518 0.74616075
494 0.8155919 0.7548414 0.46638483 -0.3858994 -1.8395611
495 -1.5000964 1.5796721 0.12362101 -0.15596932 -1.4486214
42 1.1160823 0.7503762 1.0483638 -0.34524742 -0.55510455
496 0.114918694 1.9753996 -0.518634 2.017047 1.6316804
497 0.85090125 -1.8482765 0.61449313 -0.945709 1.822598
498 0.8460872 -0.26550484 -1.1587344 0.109497994 0.07703051
499 -0.31968564 0.22835547 -1.9408277 -0.07389205 -0.454806
44 1.8651674 0.8689801 0.42815325 -0.3224427 1.1101513
45 -1.7041187 1.2097026 0.6565009 -0.7691729 -0.011680442
500 0.8808307 -1.1888205 -0.8325666 -0.9593116 1.665894
46 -0.5293474 0.5752411 0.04252124 -1.4332267 0.83761483
501 -1.8764706 0.82556343 0.25731474 -0.12703058 0.6599145
502 1.4210644 0.6423022 -0.4252219 -0.0089765275 -0.5255149
503 0.7271053 0.44640937 -1.1006979 0.15488715 -1.0636486
504 -0.010352377 0.08431465 0.7740819 -0.1188342 -1.0913244
505 0.20157737 -2.6041496 -1.7833127 0.8709086 0.58526576
506 0.05892131 0.47764167 -0.5410745 0.83538777 -0.5457447
47 -0.33728397 0.9284558 -1.3155448 -0.4495178 0.373656
507 1.4437988 -1.15542 -0.18095861 2.208129 1.4831753
508 1.1700922 -1.0787683 1.1611383 -0.0017611682 -0.18114565
509 -0.031266205 0.28515244 0.8524645 -1.2517496 -1.3743346
510 0.27075738 1.4473566 -0.9003671 -1.5071069 -1.216654
48 -0.1841233 -0.466074 0.25917 1.0198698 0.48713723
511 -0.9543822 -0.44311598 0.4837985 -0.5474154 0.0602634
512 0.2141447 -0.38092855 -0.08131262 1.7525665 1.6054548
513 0.57821316 -0.40249327 -0.19259626 -0.088702254 0.72818583
514 0.09231332 0.39202654 -1.6721258 -1.115175 -0.28555724
515 1.005056 0.62000984 0.80130225 -0.70571524 0.08826107
49 -0.40372515 -1.2254813 1.0600805 -1.6464901 -0.52886236
50 0.054641683 -1.1856416 0.92503613 0.51411474 -0.30675638
516 2.5526416 -1.426233 -0.6225998 0.15545644 -0.4477557
517 -1.3928943 -1.4800792 0.18290792 0.1295867 -0.33674726
518 0.49804148 -0.6576233 1.1476148 0.32523832 0.888791
519 1.0889155 0.4224092 -0.18527073 -0.9412978 -1.1855481
520 1.266905 -0.13401535 0.4863131 -1.0918586 0.40031624
52 1.2760199 -0.16851693 0.7366076 1.0655056 -0.6438242
521 -0.2984202 1.7602023 -1.9464558 -0.76691544 -1.1990536
522 -0.7052162 -0.69354993 1.0808836 1.1112772 0.63310105
523 0.63752794 -0.9681496 2.6470919 0.83087444 -0.8649174
524 0.74071705 0.30902576 0.22680417 -0.97910446 1.2772928
54 -0.18080515 0.6257322 -1.2358903 -0.27800786 0.19569448
55 -0.18514371 0.31973252 1.2211004 -0.09151629 1.332081
56 -0.37091196 1.780822 0.69219726 -0.41417587 0.38645858
525 -0.3677522 0.2801173 -0.123853296 0.7966938 -1.606807
526 -0.2672695 0.39957112 1.3902069 0.4585559 -0.17304792
57 0.9078637 -0.1349528 0.16745265 1.0387212 0.77221566
58 -0.020879922 0.5364362 -0.34466913 1.1570852 -0.19973007
527 -0.14562997 -1.4706393 0.5382743 -0.9524839 0.5017012
528 -2.4055302 -0.99018586 -1.527954 0.3888551 1.6541946
529 1.7996362 -1.4741071 -0.039205056 0.47117525 -0.32972848
530 1.7247474 1.6604311 -0.6372297 -0.31809285 1.780314
531 -0.731043 0.3573464 -0.19765536 0.97846276 1.0769825
532 0.15666533 0.18092802 -1.6966975 -0.11908833 0.38237515
533 -1.3033091 0.16266692 0.71107066 -0.43893814 -0.25499502
534 -1.0213643 0.24980031 -1.0387896 -0.42526004 -0.5663128
535 0.25612584 1.1663251 -1.1866541 -0.9674721 -0.17422286
536 -1.1853719 -0.179636 0.019379344 1.0866901 -1.1842357
537 -0.036354728 0.34826872 0.60656065 0.13047081 0.22508958
538 1.1769418 -1.4614651 1.2449514 -1.2059368 1.6902546
539 1.4021804 0.16138409 -1.7194769 -0.90843296 0.46674246
540 1.8106066 0.7524932 1.1966507 -0.44017157 -1.3590466
541 -1.1938492 -0.2429155 0.8505769 1.4007777 0.48788282
542 0.20022243 1.2908896 0.35884094 -1.047369 0.87418926
543 0.49795684 -0.2835546 0.0740465 0.4371189 0.27633125
544 0.31023553 -1.7023221 -0.4132469 0.7871765 1.0390946
545 -0.55544615 -0.05114373 -0.43609247 1.0377674 1.3101697
546 -0.7634028 0.031091135 -0.14569731 -0.63437706 0.9664342
547 0.5962072 -1.5356382 -0.42363843 -1.14432 -1.2343626
59 -0.034683935 1.5249267 -2.1649137 0.60234934 0.37477943
548 -0.32182524 0.14999019 0.6871754 -0.20135178 0.1431181
60 0.14730579 -0.86614686 -3.1732483 0.5285528 -0.98235416
549 -0.20827998 -1.9758317 0.16866174 -0.5313981 0.5432319
550 -1.5498972 1.5266873 -1.1165007 0.5887139 1.5445589
551 0.4848363 0.120049 0.26471955 0.64289886 2.2810822
552 1.9457424 1.6927662 -0.98078775 0.016917529 1.8743868
553 1.4251119 -1.1941825 -0.22059672 -1.5639781 -0.2818309
554 0.45764807 1.0245085 -2.8273692 -1.146789 -1.1240581
555 -0.07614647 0.20335214 1.7259452 0.29818732 1.412868
62 0.2821641 -1.0147178 1.214059 0.35746455 -1.0686855
64 1.8672732 -1.9519451 -1.0458933 0.31223038 -0.1967891
556 -0.109342545 -0.42758334 0.7645716 -0.751578 0.36233005
557 -0.976405 0.94037974 0.25544384 -1.9056437 0.8010206
558 -0.14794998 -0.3752358 0.25301868 0.8505092 0.9762907
559 -0.26709497 -0.93348414 1.1986551 -0.41158593 -1.350264
560 -1.6474743 1.0699697 0.9094705 -1.4602426 -1.4586383
65 -0.15091868 -0.88203746 -0.71541435 -0.45965573 0.5271785
561 0.6378121 1.3949213 -0.39136776 -0.26783177 0.090558164
562 -0.36924067 0.2946125 0.7194579 1.2337818 -0.14242722
563 -1.3340929 -1.2208756 -1.072932 1.4071037 0.54031646
564 -0.46407256 0.56067294 -0.52656454 0.0054175397 -0.21552171
66 1.3690244 0.3975228 1.7804972 0.61240757 1.2653421
565 -0.7121263 0.17704235 -0.67956823 0.71993893 0.077785306
67 -1.0403646 0.6951573 -0.79685664 1.9238492 -0.4228307
68 0.81393933 -0.05302465 -1.8666288 0.6832627 1.029773
69 -0.23639415 0.049105037 -0.14253585 -0.54416716 -0.80757797
566 -0.27380016 0.008355559 -0.65631205 0.38685748 0.23057954
70 1.356259 0.22583932 -0.450949 0.28743693 1.1056123
567 -0.67730165 1.1672003 -0.37742737 0.9379585 -0.44836393
568 2.4638739 1.122242 0.9945012 0.23652653 0.3184665
569 0.90214473 1.0493898 -0.4752353 0.21470188 -0.24698696
570 0.7423357 -1.2658646 0.5460051 0.79204905 0.20870881
571 -0.1112851 -0.6216573 -0.8360944 -0.57419086 0.51640713
572 0.7039711 0.478329 -0.026219971 -0.5351085 1.8505034
573 0.9824647 -0.81483316 -1.7185787 -1.5359939 -0.36835152
72 -0.82580197 -0.25142935 -0.7482374 0.16812485 0.6400971
574 -0.7006303 -0.54464996 -0.9676925 0.27417213 0.24964274
575 -1.3356678 -1.2819223 -2.717968 0.20296827 -0.4951691
74 0.43088856 0.256936 -0.9194228 -1.4361556 -1.1444468
75 -0.26003855 -0.49584752 0.893268 1.0462161 -0.26316568
76 -0.6474813 -0.081931345 -0.54361 -0.9544054 0.68415695
77 -0.99327546 -1.349453 -1.1561204 1.260426 -0.023644228
576 0.8548077 -0.76720446 -1.4448109 -0.4905953 -0.48858333
78 -0.2923077 0.5337584 0.43077424 1.2692354 0.68165046
577 0.26432696 -0.27330923 0.7758363 0.2472123 1.8497198
79 -0.51660687 1.2250977 2.483565 1.6200421 -0.28599313
578 0.4350794 0.50899035 1.427951 -0.06505514 1.2783827
80 -1.0373765 1.8410736 0.8716221 0.63753295 1.4117119
579 -0.43122566 0.60107327 -1.9388266 -0.9826178 -1.2579192
580 -0.7414366 -1.6472142 0.78885746 1.9724251 -0.9156492
581 -0.16222283 -0.96257925 -1.8332424 1.1144253 -1.3286269
582 -0.64046 -0.12871835 2.781569 -1.2746418 0.44026914
583 0.74874896 2.9516938 -0.083554395 0.18721533 0.46627176
584 1.4870708 1.0478656 -2.319477 -0.8858244 0.7615114
585 2.1570334 0.42219347 -1.1988592 -0.27311692 1.7138771
586 0.5039851 -1.0199671 -0.2635584 -0.7988576 -0.23302962
587 0.14194101 -0.4625739 -0.79202557 0.3459456 1.4086778
588 1.1103084 -0.16983016 1.7178406 0.07361146 -1.0774635
589 -0.91490245 -0.8829234 -1.015271 -1.2286971 0.15922265
590 -1.1509694 -0.048386164 -0.08063192 0.30451176 -0.890592
591 -0.5174489 -1.8556637 -1.3036084 1.4211799 0.3028674
592 1.251879 1.5650083 0.82699466 0.07931093 -0.4188108
593 0.17270501 1.3325955 -1.5181574 -1.5964521 -1.0224289
594 -0.16139206 0.2655675 -0.5413182 -0.43861088 -0.31633314
82 -0.079817384 -0.53914857 -0.5393364 2.3978887 -3.0851023
84 -1.2650305 0.12984845 -0.00013231733 0.68998474 -0.74222314
85 -0.94830567 0.41614503 -0.56114876 -1.1366272 -0.59733284
595 -0.9163675 0.88239944 1.6478246 -0.69284517 0.14615129
596 -0.1583984 0.6220973 0.8946668 -1.423605 -1.1584435
597 1.8234943 -0.9783008 -0.46482497 -0.07749711 1.3766817
598 1.052142 -1.9175407 -0.7172723 0.21990496 0.8881095
86 -0.4965097 -1.3982381 -0.8730405 2.1672919 -0.6867061
599 -0.4763345 -1.0579844 2.1356587 -0.19449413 1.3215301
87 -0.53529197 0.8842077 0.22735624 -0.33202016 1.5531014
600 0.21265939 0.46726263 -0.5352891 0.41643792 -0.11150452
601 0.59183955 -0.8407741 -0.11117993 -1.0311997 -0.26403695
602 -0.10420508 0.012810672 -0.814565 -0.3357389 -1.2914152
88 0.43795562 0.6807804 0.56279093 0.3509849 -0.9672576
603 -0.90821815 -1.459058 1.3496206 -0.20739557 0.060466833
89 -0.16567977 0.7630163 -0.7158248 -0.3820497 0.27847224
90 0.3520427 -1.3701695 -1.1194551 0.041737217 0.3104249
604 -1.3216466 0.16368268 -0.42200685 -0.49095777 -0.5197626
605 -0.92711276 1.0996058 -0.20589232 -0.48953518 0.18575564
606 1.1111083 0.4591061 1.6022586 -0.050759625 0.71661794
92 -1.9396553 1.3793035 -1.2490696 -1.1867304 1.0451444
607 0.16089517 1.8959208 0.31837016 -0.39781177 1.5593734
608 0.09756276 -0.96765745 0.9082823 -0.30334222 -1.886208
609 0.3457817 -0.89472276 -0.37087485 1.0086775 0.5587345
94 1.7489816 -0.16598383 -1.0062184 0.11681096 -0.7128927
95 0.64094967 -0.6264179 -0.555533 -1.3345923 0.37350485
610 0.71295166 0.42447227 0.37186104 0.54051316 0.39044684
611 0.09589453 -0.7452277 -0.22621316 -0.7236417 -0.6643352
612 -0.7838902 -0.54507124 -0.9920036 -1.2899089 -0.22188172
613 -0.5962714 -0.75999314 -0.19731805 -0.9913166 0.5663603
96 1.6167213 0.029245678 -0.91792226 0.78330857 0.391305
614 0.88601893 -0.3479042 1.4752059 -1.7199349 1.0662602
615 0.8039382 -0.31377763 1.708365 -0.6871102 -0.74373716
616 0.75400597 -0.54677504 -1.0910349 -0.4753929 -0.46502566
97 0.89210755 1.3122306 1.061631 0.49226788 -0.3989665
617 -0.032004774 0.061604183 -0.24055283 -0.32591784 0.70974606
618 -0.8073839 -1.4130763 -1.1956288 0.8771198 -0.18110594
619 1.1527889 0.21381614 1.4506289 -1.1676675 0.0054561254
620 0.85139996 1.5318128 0.39824432 -0.82596844 -0.26779184
98 1.6888477 0.4908598 0.71629053 -1.1222748 -1.1402527
621 0.90032756 -0.11739112 -0.42067486 -0.95349187 0.8604775
622 -1.3145518 0.27576387 -2.6124227 -0.62467766 -0.11885489
623 0.74861664 -0.18383797 0.9124346 0.25489292 0.6248839
99 -0.19311951 -1.6906025 0.04890279 -1.2969166 -0.38742557
624 0.42488042 0.8400262 -0.13538657 -0.92340803 0.39070505
100 0.5159794 -0.055184726 0.079133265 0.3247539 -0.79140663
625 -0.35831082 -1.1026882 0.95397055 0.15082088 -1.009211
626 -0.62954396 1.0379596 -0.99862283 -0.42003825 1.7480848
627 1.22417 -0.06860973 -0.39507747 -0.26353616 0.30166745
628 -1.6012994 0.17224254 -1.883639 -1.1835328 -0.19152671
629 0.9001862 -0.8278931 -0.48400038 0.566311 -0.2475558
630 1.3912023 -2.044293 -1.14784 -1.4380149 -0.7612459
631 -2.051651 0.5955292 0.03970832 -1.5153551 -0.1527302
632 0.42227992 0.22425875 -0.7263778 -1.0496032 0.060663667
633 -1.7116878 -2.6246264 0.6771884 -0.6937813 -0.6887328
634 1.2953435 -0.42159203 -1.0856742 -0.78153706 1.3447
635 -0.17090651 -1.4200844 -1.5435282 3.243352 -0.65290457
636 -0.99632853 0.47155064 0.24646448 -0.6832371 -0.5107252
637 1.3357507 1.2219206 1.0731841 -1.8035307 -1.8474045
102 -0.8676688 -0.75640476 0.37794244 0.9636448 -0.7381744
638 0.50489324 1.3474452 -1.4811473 0.4583598 0.08666235
639 0.78957367 1.3328958 1.2485385 1.7517338 -1.5409429
104 -0.58715284 1.9752969 0.72410834 0.2948091 -0.24355482
640 0.4986278 0.30323204 -1.1358331 -0.6520103 0.81425184
641 0.3778601 0.19383906 -0.573345 -0.4342621 0.7117381
105 -0.6521827 -0.73355895 0.037816312 -0.63937205 1.807403
642 -1.8746531 -0.5602223 1.7307345 -0.19628389 0.7337173
106 -0.63302696 -1.0011449 0.24082261 -0.7691337 -0.8967551
643 0.12035625 2.4469614 -0.6707585 0.38918868 -1.4163485
644 -1.2024127 0.6552118 0.514258 0.35129604 -0.41893262
107 -0.3899634 1.5222179 -2.143572 1.0915256 -1.3140986
108 -0.27692714 -0.2196157 -0.2462498 1.2315058 0.081579685
645 -0.09643794 -0.5498583 0.20924842 0.32777995 -1.3485476
646 -0.453531 0.052322123 0.2179789 -0.0018492157 -0.6539855
647 1.8568275 0.44501212 -0.6457512 -1.1482997 0.1216544
648 0.1630875 -0.9645107 -0.40297624 -0.004704056 0.29531938
109 2.0859802 -0.1639694 0.46804598 -0.3516357 0.22595318
649 -0.10171829 0.91669875 1.8020173 1.05841 -0.27444673
110 -0.34688345 0.7194673 0.5061476 0.90872043 -0.38134867
650 -1.235271 -0.43397692 -1.9491314 0.8026519 0.6519286
651 -0.97834694 0.13567816 0.048534147 0.66548085 0.11631128
652 1.1302346 1.2090524 0.06924626 -1.6630956 0.14166734
653 1.3736376 -0.75460064 0.3136465 0.16759042 -0.53216195
654 0.9405337 0.14419962 -0.56039834 -0.6663076 2.1754534
655 -0.5838582 0.50580955 -0.04422275 1.0857437 0.25929046
656 0.28460795 0.5757412 0.99970806 0.058300335 -1.1785818
657 -1.028445 0.47045574 -1.3419961 -1.0718472 0.41419393
658 -1.1104193 0.6236242 -0.8573495 0.49642166 0.48171443
659 1.5474312 -1.3244466 0.78207326 0.5485789 1.39796
660 1.0461632 -0.27372932 0.8167878 0.8761472 -0.748893
661 -1.5581563 -0.6385304 0.28429145 -2.1468153 1.6954753
662 -0.045720983 -2.5236003 0.69385934 0.29884788 1.1181318
663 -1.4085283 0.24344185 0.15458855 -0.9142087 1.0625696
664 -1.0276157 -0.046338063 0.52471 0.12982638 0.21671735
665 1.1966519 0.55843306 -1.2867945 -0.8290078 -0.48273396
112 -0.11386875 0.6525482 0.17913888 0.23780826 0.7114578
666 0.5150597 -0.27214798 1.265359 0.28917372 -1.1453766
114 -1.4187165 -0.04474122 0.91899216 0.5226967 -1.2742672
667 0.7115119 -1.8412772 0.35715702 0.9924033 -1.2216629
115 -0.44724044 0.10794638 -2.2114842 -1.1694194 0.4340002
668 -0.72264236 -0.846984 0.13318382 0.40665823 -0.9567418
669 0.58086705 0.56387067 -1.7385542 -0.13316186 -0.5849235
670 -1.162331 1.4054071 -0.50519824 -1.4179807 2.3163018
671 -0.22987749 0.9224106 -1.2582604 0.13604559 -0.44206
672 -0.69946796 -0.3206231 1.5568608 0.74663264 0.50723803
673 -0.47841153 0.28737894 -0.90324193 0.007818198 0.17094703
116 0.4212619 -0.48193398 0.8625429 -0.18483691 -1.0442289
674 -1.7492013 0.46251914 -0.36180377 0.55095124 2.4604957
675 -0.10596304 -0.4108581 -0.34547895 3.3448684 -0.18899485
117 0.17757766 -2.3392994 0.7660148 -0.7278504 0.4035631
676 1.0906655 0.7500102 0.43885687 1.2448454 1.5935258
677 -1.3703859 2.1803467 0.7921694 1.728348 1.1267391
678 -0.6249471 -0.74563235 1.5134647 -1.4904565 0.9914656
679 -3.0725193 1.3202169 -1.4004917 0.40133286 -0.08489811
680 -0.64753497 -0.527154 0.11186123 1.335623 1.2289978
118 -0.4633389 -0.7596411 -0.6331481 -1.5075203 -0.7380465
119 0.902691 -1.2166094 0.49279174 0.43260553 0.84675044
681 -1.555781 -0.15308416 0.09891466 1.0157173 0.59393233
682 -1.2577173 -0.31268865 0.34139875 -1.0248215 -2.2154346
683 -0.33897495 0.4207701 -0.92430246 -1.1128157 0.12664896
684 -0.57518256 -0.3238791 -0.7371642 2.3702123 0.14358093
685 -0.7570987 1.846903 0.046344947 -1.3984215 -0.8476012
120 -0.11930397 0.15726158 0.31210774 -0.044724908 1.2602755
686 -1.2120774 1.3356339 -0.7356965 -0.21598104 -1.3776163
687 0.24133313 1.5930691 -1.1128591 -0.67189485 -0.63822716
688 -0.62359965 1.7770199 -0.3983752 -0.23531274 -1.8100575
689 -0.14227118 -0.9052549 0.7506372 -1.1929005 -0.19773942
690 0.50438017 0.84951705 1.0300066 0.386705 0.15249379
691 -0.72315 -0.3420857 1.1653448 -0.44408372 -0.6890511
692 2.2920318 0.32961383 0.57395715 -1.5848372 -0.78094137
693 0.18883972 1.58676 -0.3111893 0.023037927 -2.6843574
694 1.2626461 2.696436 -0.10101021 0.7298164 -0.2036627
695 0.25597793 -1.2685062 -0.2746286 0.35553285 1.5562845
696 0.09518339 0.18260638 -1.6434393 0.17037074 -0.29776594
697 -2.037717 -1.1025459 -0.95127624 -0.81185555 -0.5871132
122 -1.365435 -1.1239301 -0.31043234 -0.6767306 0.006678725
698 1.1316822 -0.678109 -0.53849584 -1.0177649 0.7841966
699 -0.6451426 -0.6994843 1.3811795 2.6388893 1.2542543
700 0.009197946 0.21935289 -0.76324505 0.5247729 -0.46189618
701 -0.06930147 1.6825339 0.19083163 -0.13704388 -1.1703769
702 -1.2851751 -0.86204416 0.10092953 1.9646846 0.08068447
703 -1.2427629 0.03223522 -0.015852788 0.11760211 -0.7379179
704 -0.9003414 -1.657689 0.19772024 0.26219144 0.51181555
705 2.1327236 1.0481368 -1.5704176 0.6121606 -0.28553984
124 1.873645 -0.48588568 0.36259574 0.85833097 0.8950851
706 1.690883 0.8754719 -0.23573355 -0.8795485 1.5505861
125 1.6680492 1.513296 0.9897022 1.435752 -2.6775076
707 0.4429886 -0.13551009 0.029395426 -1.3733213 0.51337
708 -0.5285635 -2.3909473 -0.23745714 -1.219205 0.50639176
709 -1.3029338 -0.6061324 1.085214 1.1307242 0.74618644
126 0.5524601 0.20337115 -2.614541 -1.2113906 0.76086706
710 0.60975146 0.3211704 0.39449334 -0.17620829 -0.15147108
127 -1.2073557 1.1675922 0.006832734 -0.121968314 -0.31200963
128 -0.26328662 0.24177736 -0.87765604 1.0613934 0.20718277
711 -0.4639205 -0.10807934 1.294343 0.7076293 0.09640979
712 0.52043945 -0.6596964 0.21696262 -0.24900036 1.4840162
713 1.7459791 -1.9634051 1.6273031 -0.4764399 0.89747053
714 1.0510026 0.5133822 1.2615116 1.3163596 0.87469286
715 0.30532402 -0.92013097 0.60458493 0.043811657 -0.097987816
129 0.6865813 -1.6366255 0.4519243 1.4496992 0.33128968
716 -0.5640276 -3.5275972 0.44412118 0.93685603 1.3589369
717 0.54515344 0.3651309 0.31088877 -0.25856447 0.6890955
718 -0.9585427 2.134529 -0.1545123 -1.0716697 -0.6862173
719 -1.1281648 -0.9177971 -0.23455139 1.1100053 0.6555716
130 -1.5886327 0.21598768 -2.2413828 0.027826378 1.1622587
720 0.49041542 0.9698061 1.0067253 -0.43828195 -1.856708
721 -1.2071308 -0.40269846 0.3714428 -1.1616296 2.732907
722 -0.035665732 -0.6782224 -0.63512546 -1.1168114 -0.3760373
723 -1.3308712 -1.247287 -0.43819872 -0.014419987 0.7797302
724 0.1488366 -1.2054513 -1.7383343 -0.52884936 -1.138538
725 0.6813433 -0.8143772 0.7513846 0.8910188 -0.5904454
726 1.7657228 1.8462704 -0.4553763 -1.0086762 0.41872674
727 0.65475816 0.7263098 0.39162165 -0.25859356 0.7929957
728 -2.2098272 1.6807793 0.8971355 1.3038372 -0.20346016
729 -1.2252786 -2.2047265 1.1888682 0.9686702 0.15237889
730 0.8247077 -0.8085949 0.52097505 1.6158674 -1.4383926
731 -0.9685529 0.8010216 0.30385083 0.12746173 1.0923085
132 -1.7890041 -0.1964841 -0.61639196 2.171767 0.713669
732 -1.2704408 0.9126946 0.34224907 0.4772445 -1.091165
733 0.11584221 -1.7959142 0.7405404 -0.14186044 2.4248536
134 -0.23224649 1.2694097 -1.8152064 0.44569567 -1.46551
734 1.110538 0.5591881 0.43146512 -1.6068715 1.9202726
735 -1.4682553 0.058819626 -1.0458446 0.6917789 -0.07217217
736 0.72692406 -2.2992766 1.2489526 0.20044926 2.8449068
737 0.5416208 -0.2957501 -1.5124767 -0.0816974 -1.0062642
738 -1.7058893 -0.3217615 0.26500145 0.22871546 -0.24104548
135 -0.58784103 -0.5689883 1.6202644 -0.15511388 1.2864515
739 0.34035224 -0.1974273 -2.0148141 -0.028134774 0.86405677
740 -1.2111435 -0.30462214 0.9562386 0.22685298 1.7577635
741 0.31614017 -1.0884454 -1.7320759 -0.6236338 -0.29356036
742 1.5311571 -1.1213238 0.86735356 0.6557682 0.41104916
743 -0.7241694 1.2446983 -2.1548076 1.349678 -1.4403988
744 1.4208643 0.6891877 0.07623368 -0.52092457 -0.72828066
745 -2.1597075 -0.28678346 1.238517 0.46833357 -0.8331583
136 1.2947812 0.24121214 -1.5451286 -0.7122042 1.0198128
137 -0.29090777 -0.34343767 0.56611943 -0.68876743 -0.17904285
138 0.7365181 1.665245 2.3579438 -1.0314153 1.0354849
746 -1.3110102 -0.8090093 -2.0381637 2.2529664 -0.2096193
747 -0.30070287 -0.2739585 -0.438153 1.8659223 0.7665329
748 0.8109527 0.9614507 -0.07432198 1.2329376 0.05686592
749 -0.4451669 1.0554922 -0.45089978 -0.4302274 -0.624632
750 -0.9804468 -0.09056424 -0.11509369 -0.49859485 -1.5928521
751 0.8462885 1.5573529 -1.1825123 -0.040543757 -0.5604182
139 -1.4552797 -1.542432 0.3712957 0.73038876 -0.12262123
140 -0.6013285 0.79869264 0.9187635 0.9342895 2.1022227
752 -0.28477946 -1.1690357 1.447229 -1.0491781 -1.5398296
753 -0.67204976 1.0972571 -0.28192005 0.45210046 -0.2036737
754 0.924179 0.48960975 1.4022268 -1.8928639 1.5452439
755 1.3120234 0.37106997 -0.4956863 -1.0510179 0.7135881
756 0.67462254 0.41315132 -0.36902192 0.7082258 0.82126766
757 1.318093 0.05068092 -0.93491703 -1.5404103 -1.020366
758 0.9884475 -1.3953662 0.26270974 -1.3942388 -0.10233229
759 0.025495745 -1.7515014 1.2579702 1.36233 -0.5684731
760 -1.7302005 1.1371654 -0.5233471 0.74284726 -0.09476344
761 -1.2943953 0.7271253 -1.3897483 -1.5663207 0.26675308
762 0.38356474 -1.1784985 0.50479686 0.049464732 1.5495354
763 -0.016035061 0.09927442 0.2067523 0.048472654 -0.28259966
142 0.087755896 0.36015648 -1.450644 0.09583684 1.6196188
764 0.614036 -0.49104884 0.6896378 -1.3087232 -0.5609031
144 -2.0847778 2.2199705 -0.9843662 1.2118181 -0.57963246
765 -1.9683173 -0.5457859 0.24049145 -0.68135905 -2.715497
145 0.5505665 0.84593594 0.15509582 0.5044383 -1.1385093
146 0.047842696 -0.94915843 0.79153466 0.10635308 -1.6070244
766 1.6579938 0.89886653 1.3209659 0.56992745 0.30829155
767 -1.762321 -0.4967053 -0.27125138 1.0044444 0.4647843
768 -0.25490308 -1.0005463 1.157137 -0.11263339 1.5062749
147 2.8131714 0.11719487 -0.1426403 -1.3880583 0.47344154
769 1.4683154 -0.7870242 1.0176067 -2.131651 -1.3706748
770 0.31619304 -1.8199564 1.6019071 0.4085994 -0.5097053
148 -0.3064386 -1.2133851 0.20409976 1.0348454 0.2506515
149 -1.3753697 -0.82511234 -2.1779516 1.3024659 0.3303867
150 0.11727604 -0.34387454 0.951661 -1.7052838 -0.2462887
771 -0.7464939 -1.0235144 -0.010410731 0.6935548 2.022645
772 1.1109667 1.7767586 1.2747363 1.4498258 -0.45736772
773 -0.5717148 0.2312371 -1.3615706 1.2514417 1.4077897
774 0.16711132 2.555097 0.40716782 0.5617418 0.13634683
775 -1.4341965 -0.94029534 0.34546947 0.8381152 1.4948149
776 0.17192353 0.6317476 -0.14482726 -1.7175603 -0.26375875
777 1.1215006 -1.7990859 0.021112531 0.15661599 -0.63387996
778 1.6171108 -1.3336709 -0.30561784 1.4641812 1.5205795
779 -0.15173228 0.088793084 -0.59318054 0.059047017 -0.1475368
780 -1.577549 0.55149305 1.1697159 1.7792487 -0.6012713
152 -1.0137141 -0.9097178 -0.76086605 -0.27400136 0.2158856
781 -0.17446151 0.3008614 1.2313523 -0.17046657 0.15930976
782 -0.6374336 2.4408693 1.7910936 -0.8262555 -0.7199994
783 0.025021011 0.3186738 -0.869394 -2.2842958 -0.43677926
784 -0.5529635 1.5607686 -1.0956188 0.6793641 1.9054459
785 0.9412558 -0.07588145 -0.5701745 -2.2953901 -0.28825724
786 -0.17406991 -1.5022509 0.9992445 -0.6547511 1.2102997
154 1.3651813 -0.50580317 -0.051293705 -0.2101784 0.10983365
155 -1.124596 0.12699315 -0.9859765 -0.24111202 0.28608626
787 -0.17201959 -2.2210157 0.07693414 -0.73944324 1.8240618
156 -0.03775608 -0.4916048 0.37542316 -1.0095184 -0.31735283
788 -0.297853 0.89592445 -2.0309556 0.85967785 1.1401031
789 0.8322611 -1.4109703 -1.4201951 -0.506533 -0.2797783
790 -1.3762754 0.41154695 -0.08451151 0.67140824 -0.34034592
157 1.1454383 2.6500413 0.88156694 0.5053687 0.21534391
791 -0.64702994 1.0933148 -1.1517727 0.26171973 -0.77888554
792 -0.7837581 1.8759395 0.22729723 0.50294083 0.4363188
793 0.24107258 -0.012326189 0.40343672 0.41854063 0.36219284
158 2.620666 0.31634045 -2.8563988 0.0823944 -0.15008792
794 -0.91262645 1.4824488 1.6433457 -0.310765 0.39132455
795 -0.14826058 0.050445743 0.03437292 -0.88630855 0.51288706
796 0.32091135 1.4449618 -0.9624602 0.104221165 -0.8351258
797 -1.2331892 0.54889685 0.032225158 0.5336503 -1.2727057
159 -0.84774417 0.8579016 -0.7804598 0.17976286 -0.49555287
798 1.2355914 0.48916167 -0.38728473 -0.32148066 1.6197711
799 0.19208206 0.8051062 -1.575425 0.93441737 0.49091756
800 0.005164308 0.51611793 -0.6952851 -1.1233653 -0.34125614
801 -0.46573833 -1.5031092 -1.9100918 1.2525154 -0.48191524
160 -1.5357208 -0.14608239 -0.40784487 -1.3512475 1.1508274
802 -0.5159554 -1.4184716 -0.7539574 -0.09023076 -0.3246347
162 0.4512079 0.7226209 -0.32352692 0.58517927 0.9988709
164 1.5680122 -0.04932861 0.710774 0.10471085 0.10328289
165 -0.004646335 0.489845 -1.140048 -0.8464987 0.16846626
166 -0.1589853 1.091252 0.5687938 0.7528528 -0.5088854
167 -1.4148948 -0.30491444 0.63195986 0.36878878 1.1961614
803 0.18395169 -1.1521577 -1.4181684 0.3864504 -0.057161875
168 -0.71114755 -0.8497282 -1.5548592 0.34813225 0.78650767
804 -0.46882004 1.0878896 1.0054404 -0.38160005 -2.8629491
169 1.2715226 0.9501323 1.2645262 0.3363314 0.5006886
805 -1.2207055 -0.6746437 0.976545 -1.1430584 0.29348817
806 1.4679383 1.3609766 0.44558564 0.26378885 0.05226046
807 -0.27661127 -0.57200766 -0.5175461 -0.35128355 -2.0014582
170 -1.58517 -0.29309675 1.2015752 -0.6367173 -0.26114306
808 0.10232942 0.9186229 0.8576529 -0.93351436 -0.017232262
809 1.0294673 0.23798005 -1.4461875 1.7835655 -1.3271148
810 -1.1413875 0.072970256 -1.3398322 0.3234762 1.0334451
811 -1.4618416 -0.037875485 -0.6278972 1.2455575 -1.4891205
172 0.77389085 0.5232837 -0.46142787 0.098195836 0.8527524
812 0.15548004 -0.22408548 -0.040047802 1.100606 0.58229864
813 -0.20978232 0.07173134 -1.9103627 1.121597 0.22994544
174 0.4050779 0.020092452 -0.36194554 0.071192436 -0.9565053
175 0.035553522 0.73841137 0.09139097 -0.20365776 -0.83120173
814 1.1115537 2.0076325 0.3140505 -0.5542657 -0.6844126
815 0.48250267 -0.18667065 0.47586772 1.5568508 -1.1276048
816 0.1705399 -0.07064242 0.3232299 0.94112235 -0.5157258
176 -0.5270541 1.3451715 1.1014171 0.17817123 1.8739427
177 0.6155268 1.4312457 -0.8018991 -0.8093122 -0.40765226
817 0.3217915 -0.7374282 -0.17042764 0.17151375 -0.98092777
178 0.7489204 -1.532696 0.20717266 0.92847013 0.09769603
179 -0.8785736 0.73360395 -0.66096956 0.23153386 -0.31610364
818 -1.2715977 1.0173054 -0.47880554 2.7807593 -0.084642
819 0.70743436 1.4454865 -0.056953125 0.085261814 -1.3612754
820 1.1030145 -0.32468402 0.3645763 -0.09130789 -0.6751262
821 0.8880422 0.71978784 1.574775 0.48502684 0.6178397
822 1.0561126 -0.91240054 -1.3779931 0.65004206 -2.0260162
823 2.112057 -1.3918315 0.15235513 0.08336779 0.55199355
824 0.71844167 1.678913 1.2392318 0.38841644 0.1052776
825 0.08197483 -0.13407187 -0.6277528 0.30390003 1.329441
826 0.068762206 1.288219 1.0908159 -0.6337527 0.13653545
827 -1.9012157 -1.092915 0.016451845 -2.6198785 -1.3451576
180 1.724339 1.3943642 0.46945342 0.840707 0.894217
828 -1.2061524 -0.11951814 -0.7452844 0.81894 1.1945943
829 2.0599368 0.6325244 0.33347186 0.89727443 1.1846691
830 0.61050093 -2.3349686 -0.7430763 -0.31037006 0.15686028
182 0.40385297 -0.072617926 0.517119 -0.43535092 -1.2576427
831 1.1940755 1.7962049 1.8692933 1.0731145 0.2138054
832 0.57994354 -0.98308706 -0.6101078 -0.14908835 1.036043
833 1.6450487 -1.0229619 -2.4168472 1.028281 -0.81894076
184 0.19964936 1.0439553 0.84396625 -0.96140665 -0.24788933
834 1.6796585 1.5510571 0.041842353 -1.4529276 0.24926724
185 -0.6485696 1.472056 -1.5765325 -0.9460081 -0.88045865
835 -0.25440913 -0.28952074 -0.19498414 -0.8320317 1.1116344
836 -0.7164307 -0.26343036 -0.058250114 -2.3618824 -0.840367
837 1.0795852 0.48377192 1.500857 0.4752669 -1.0502334
838 1.6110667 -1.8751146 0.45358798 0.86446303 -0.25531563
186 -0.5595082 -0.3009522 0.788459 0.6420858 0.57763326
187 0.36347422 -0.81849116 -1.4753995 0.11113086 0.7689975
839 0.69386196 0.27824953 -0.11379222 0.39151725 1.123455
840 -0.77792734 2.808802 0.90125245 -1.5705442 -1.0775557
188 0.73406136 -0.16930647 0.86909676 -0.15650696 -1.470945
841 -0.14535548 -1.3111862 1.2963996 1.5981969 1.4073821
189 -0.9585277 0.36759493 -1.3483294 -0.08674103 0.26515058
842 -0.29739723 -0.070294075 2.8444402 1.0130157 0.25491056
190 -0.03859277 0.66190416 -0.2973718 1.1243696 -0.13009705
843 0.64155114 0.7603137 -0.9477868 -0.3203236 0.18807085
844 -1.8354158 -0.40031788 2.653344 -0.7761796 0.018036293
845 -0.44175857 0.11487734 -0.21006048 -1.1988646 0.89930904
846 -1.4904358 0.03718552 -1.1359798 -0.65116435 -0.33831465
192 -0.56641185 0.6521477 1.0147487 0.6428402 1.0130006
847 -1.5679932 0.49456692 0.9867925 -0.57530844 0.37205312
848 -0.7133044 -1.1608893 1.507761 -0.23296688 -0.25586525
849 -1.5187662 -1.0282221 -1.7038891 0.30119106 -1.8938
850 0.23991486 0.7108967 -0.70797706 -0.24625997 0.812531
851 0.15408047 0.7364043 -0.2647857 -0.8443914 0.40959182
194 -0.0387941 -0.5752529 -0.70027703 -1.2061216 1.41555
852 1.3625597 0.30684704 -0.8069021 0.76907104 -1.3604
853 0.55643326 0.51936245 1.4528506 3.0652874 1.8166624
854 -0.5062535 0.17029892 0.8364959 -0.9804933 1.5423434
195 -1.716372 0.47232512 -0.055578444 0.54398125 0.08449497
196 0.697177 -0.28691718 0.25368604 0.22404066 -0.93553764
197 -0.53279537 -0.26645577 -1.1278429 0.2975343 -0.63677573
855 0.5049444 0.5711117 -0.6114911 0.15613027 0.754854
856 1.8832406 1.3050123 -0.4732019 -2.6846015 0.87677026
198 1.3695798 0.28339177 0.19074647 1.9529613 0.5578408
199 -0.3563213 0.9489883 0.4279974 1.3341502 0.69543105
200 -0.5166323 -0.6626728 -0.46151602 1.1364261 0.038494505
857 0.70568955 -0.9380816 -0.6103517 -1.5517884 -2.896688
858 0.057342652 1.1263561 0.06948044 -0.6090204 1.1165999
859 -1.6407439 -0.43560767 0.79579574 0.46936452 -0.44817188
860 -0.17903541 1.017659 0.74081343 -0.43367627 -1.0407919
202 1.3878794 -1.5754966 -1.215734 0.6563906 2.01196
861 0.9500751 -1.0325675 -1.7013464 -0.62663096 0.5586049
204 1.5200087 -0.69981605 -0.11058713 0.292648 1.0225621
862 -0.70777315 -0.5184749 2.950084 0.60816884 -2.7108378
863 1.8202659 -1.4203146 -0.82700765 0.92185634 -0.40600753
205 1.1121436 1.2990333 -1.8338217 0.9494941 -0.025902303
864 1.2302243 -0.124710016 -0.007402152 0.009362536 -0.70735925
206 -0.27668807 1.2122204 -0.46475664 0.94433606 1.589727
207 0.30602267 -0.3774241 0.649585 -0.48862204 -0.38999534
865 0.31546658 -0.30304086 0.88667303 -0.83933514 0.55165553
208 1.961715 -0.847098 -1.7511985 -1.0385997 -1.2507945
866 0.43116736 -0.16483709 0.19438054 1.156643 -0.60250103
867 0.2772549 -0.09871999 -0.280212 -0.44793513 -1.0384636
868 0.4716208 0.8802265 0.23644091 -1.0571789 -0.032968998
869 -0.8038072 -0.61964315 -0.23998263 0.46752235 -0.43714207
209 -0.7105786 -0.9159894 0.31770855 -1.4227047 0.52552044
210 0.901376 -1.3093847 -0.5782433 -0.44696167 0.22022633
870 1.2772523 0.17225087 2.1105762 1.5327989 0.32998556
871 -1.5490295 -0.56741 -0.111895114 -0.36409095 -1.0521336
872 0.124813065 -0.4371299 -0.5360303 -0.5325105 -0.81357354
873 -0.18484429 0.35471147 -0.81298184 1.079933 -0.23202386
212 -0.46651265 0.6450056 -0.32162565 0.116484225 -0.74166936
874 0.51643 1.5824735 -0.10197425 -0.16697903 -0.6004844
214 0.81602633 0.794259 -0.69399583 -1.8730552 -1.8775697
215 0.4540651 1.2350448 -0.44739345 -0.7122531 -1.6985126
875 0.6330619 -1.0492324 0.9889676 -0.061795983 1.7549841
216 -1.3065917 0.05460814 1.409083 0.21342506 -0.4403708
217 -0.5627976 -0.09405715 0.15602204 0.14431843 -0.47832018
876 0.7099337 -2.0106723 -0.9179045 -1.4256326 -0.6548172
877 1.740488 0.7227703 -2.1705472 -1.3744231 -1.1174672
878 -0.34119797 0.81649107 -0.7446888 0.7086151 -1.4703664
879 -0.078478545 -0.74165386 -1.9351943 -1.2766886 -0.68925977
880 0.61702806 0.16812806 1.5189006 -0.07057822 -1.1041609
218 -1.1241258 0.09858003 0.17735325 -0.86036414 0.931898
881 -0.6043409 0.7370547 -1.4925224 1.5602378 -1.231707
219 1.359297 1.1615824 -0.1325203 1.1609046 0.67487806
220 -0.98459405 0.285828 0.7595271 0.37063766 0.5843357
882 0.37935066 0.54399145 0.37621525 0.05833524 -0.4339976
883 2.2559853 -1.1012343 0.62423575 -1.4229883 0.5517583
884 -0.9441219 -0.5051505 1.673182 -1.2580537 -0.48386618
885 0.28880984 1.3071227 -0.75623894 0.6494873 1.0159662
886 -0.46591067 1.332396 0.022414453 -0.51507795 -0.6580211
887 -1.5009719 -0.57586545 -2.1457484 -1.5421772 0.022213405
222 -1.1074352 0.03306086 0.23714057 -1.2034867 0.1907335
224 0.2172647 0.7325649 0.2160225 -0.5713725 0.99470395
888 -1.1133333 0.7595111 -1.2998152 -1.8452601 0.36603677
889 -1.5331179 -1.015316 -0.4660028 -0.041315213 -0.0005026473
890 -0.27799302 -0.24568695 -0.45474693 0.48831245 -1.3961658
891 -0.9491701 -0.17578125 0.77335876 0.39873618 -0.14279513
225 -0.18833908 1.1536322 1.4843615 -0.7058112 0.007103496
226 0.88294035 0.47066435 2.1241283 0.9223449 -2.304372
227 -1.8780563 -0.0583556 0.5243609 -0.40749404 -1.2899897
228 -0.646074 -0.532319 0.40903702 -0.04093444 1.0222447
892 -2.2127366 0.40931988 0.07815917 0.61040163 1.37052
893 -0.5829749 1.4307084 0.44473594 -0.48937216 -0.4577094
894 -0.8768938 1.9565867 0.6582266 -0.38149858 -0.209112
895 -0.7180956 0.79778695 1.3076035 -0.05590228 1.4094331
229 0.29975286 1.0179476 1.6684192 0.26825824 0.0711898
896 -0.09015999 -0.19354402 -1.9303796 0.89414716 -1.5745693
230 0.36279932 0.104856335 -1.3660679 1.4737808 -0.029130314
897 -0.91468287 -0.118848436 -0.78737557 -1.0862306 0.9471756
898 -1.4388314 -0.49923107 -0.017797355 0.049628038 -1.2764484
232 -0.8742165 -0.6869489 1.6848288 -1.8936925 0.8911902
899 0.17974156 -0.50381345 0.73205495 0.13081482 -1.549749
900 -0.42376035 -0.23282477 0.8438258 -1.6192131 -1.4776899
234 -0.44777808 -0.9932838 0.57378894 -1.2786391 0.85725063
235 -1.192182 1.0240654 0.094410464 -0.2210894 -1.324905
236 -0.13850923 2.416316 -0.11962432 0.14902493 -0.8322567
901 -0.4276455 -1.082005 0.06402085 -0.51021624 0.3436262
237 -1.0132487 -0.51242435 -0.31956768 -0.16084649 -1.501647
902 1.7574694 1.0227861 -0.587428 -0.71029776 -1.6431322
238 0.4625368 1.6824371 0.2302531 -1.0527464 -0.41710803
903 0.610607 0.0030688518 -1.4657172 -0.3571038 1.0229714
904 -0.84140897 0.17330304 0.83343005 -1.0289506 0.88669413
905 1.1398369 -0.13912272 -0.34304792 0.28493822 -1.3393282
906 0.21767466 -0.7719514 0.89447963 -1.1990285 -0.0617913
907 -0.9564063 0.5775914 -0.5597622 -0.99230707 1.4235623
239 0.27637875 -0.004491703 -0.91610986 -0.54127145 1.6922629
240 -2.1632545 1.179827 0.4749496 0.50583184 1.004075
908 -2.2329118 0.100208305 -0.27071035 0.20395891 0.70117354
242 -0.50570875 -1.1302656 -1.8236415 0.89504755 -1.5805503
909 -0.253595 -0.4328601 -0.2812828 0.85475296 -1.3660346
910 0.8061653 -0.018622505 -0.58227664 0.1032987 -0.19278458
244 -0.23949218 0.076966114 -0.63171554 -0.17379566 -1.2187643
911 -0.94719166 -1.0799961 -1.0155246 0.88765556 0.5108258
912 -0.43800005 0.17917404 0.9746073 0.046376087 0.48511863
245 0.6623839 0.13259819 0.20275465 1.150855 1.340661
913 -0.35853174 -0.08235054 -1.0279164 0.29453263 -0.09199395
914 0.21129186 -0.34374022 0.6924356 -0.51127887 0.1537511
915 0.6730031 0.5812741 -0.55518734 -1.7997746 -0.03963323
246 -1.6823682 -0.6221249 0.61545974 2.5474434 0.8022329
916 0.07832361 0.79284716 1.182306 0.8388788 0.081793174
917 -0.70179653 0.06964366 0.082408175 0.16389439 -0.494323
918 0.9864954 0.03686873 -0.0005231268 1.0974263 1.1734929
247 -2.1161487 -0.5355175 -0.55334634 -0.53333896 -0.8370252
248 0.42003354 0.3426806 0.2912126 -1.5311999 0.17944966
919 -0.39309624 0.44996184 -0.9959262 -0.60107946 1.9825273
249 0.11294379 1.0196255 1.2146173 0.36953127 1.628472
250 -1.2923095 -0.103459 1.7352474 -3.4401367 0.5335412
920 -0.55523735 -2.4031482 -0.9503652 -1.0961318 1.1289601
921 -1.4051118 1.4765617 -0.16827963 -1.2447948 -1.5737753
922 2.1789186 -0.12701303 -2.2805903 0.16251622 0.46776244
252 -0.11898502 -1.3262427 -0.024785524 0.112249665 -1.1874977
923 0.8060888 -0.54368436 -1.0562892 0.16179349 -0.97849816
924 0.38313365 -0.21048822 0.48324454 1.5646499 0.9271249
254 -0.43320435 1.7319305 -1.7813009 -0.39609715 -2.0095603
925 -0.40265185 -2.3161676 -0.63432556 0.9534 -0.9380589
926 -0.057067063 0.48443535 -0.7678198 -0.8331664 1.4678879
255 -0.0104319705 -1.0965977 -1.9764959 0.4408054 0.85529894
927 2.1793196 -0.012296339 0.006021442 -0.59109735 -0.41909686
256 0.53092825 -0.71738166 -2.3007672 0.82662386 -0.1349814
928 0.61030513 0.034219656 0.8454723 0.5766258 -0.83093745
257 -1.6811721 -0.735359 0.9698134 0.2697357 -0.91265154
929 -1.3006173 0.035575986 -0.16162755 -1.8406154 2.1251523
258 -0.009883229 0.47018325 -0.9708066 0.9694592 -0.8126083
259 -1.0405239 0.43796095 -0.8045653 -0.5019766 0.23086554
930 -1.2751664 -0.0046753786 -0.76888657 0.7765107 0.1915717
931 0.1324008 -0.16034229 1.8717728 -0.20802078 -0.5581271
932 0.3675372 0.78293514 0.16334377 0.058263123 0.6949171
933 1.8410347 -0.6721612 -0.88530993 -1.0072265 -0.70564437
260 0.7998526 -1.0055012 -0.813425 0.39015722 -0.31263882
934 0.8426073 0.2426453 0.17114942 0.8279386 0.0012374191
935 0.42165053 1.033952 -0.20802267 -0.6819108 0.41302165
936 -1.3481177 -1.0190667 -3.0321813 0.25976184 -2.2903535
937 -0.5331379 0.7382969 -0.92094296 -1.0938746 0.26826936
938 0.3502728 -0.6984036 -0.18738043 2.5207903 1.0043979
939 1.1788733 0.3509115 -1.3630003 0.98952365 -0.053926695
940 -0.2131817 0.67874175 -0.53167295 -2.6984253 -0.007462623
262 -2.5444367 -1.6127954 1.2545162 0.58540815 0.35926178
941 1.1894177 -2.9375772 -1.3051037 0.66974777 0.5942294
942 -0.6293139 -0.20995541 -0.3731475 -0.18099846 -0.67669225
264 -2.6317859 1.0770937 1.4539112 -1.0785936 0.65768266
943 1.8718069 0.3381001 -2.9451404 -0.6857632 0.3597184
265 -0.03639023 0.45174706 0.26436818 0.53177744 0.7949405
266 -0.1370545 -0.25509977 0.17037526 -0.7037593 -0.92121434
267 0.58673364 0.2302367 -1.9154269 -1.0507987 0.84747577
944 -1.4266528 -1.9531672 -1.315393 0.09590103 0.078522325
945 1.1102356 -0.4561032 0.18255867 -0.17153345 -0.39938807
946 -2.4212546 0.15378274 -0.100479655 0.48748755 0.1072446
268 -1.0079123 1.4924837 0.01973826 1.3057333 0.86148286
269 0.037174355 1.9480761 0.5101444 -0.11726603 -0.46310973
270 -1.5699878 0.4202579 -2.3395257 -1.615679 -0.9939511
947 -1.7651793 0.31906286 -0.50901616 0.69966763 0.14111875
948 0.07836465 -0.38949326 1.1275363 0.04788323 -1.2254825
949 -0.6978633 -1.2360288 -1.0152445 1.6723474 0.56310755
272 0.2832664 0.5959389 0.9798597 -0.2131027 -0.23158237
274 -0.6390005 0.5260608 0.39934492 -0.124195054 -1.4887158
950 -0.510997 -0.8441266 1.5726258 -0.2782339 1.253795
951 -0.18556014 1.8179088 0.62264854 1.2549957 1.0662386
952 0.38657385 0.8971885 -0.19276413 -0.7463323 0.16233513
953 2.0542586 -0.21716294 0.33390886 1.2657927 1.0323528
954 0.094503306 -0.15000023 0.5813523 -2.984748 1.8208834
955 -0.94859266 -0.62480736 1.646863 1.2804859 0.79451454
956 -0.24792121 -0.67712593 1.8612459 -0.9459448 0.13559225
275 0.78382725 0.7474126 -1.5112467 1.0684519 -1.2500935
957 0.042847637 -0.041171145 0.67696995 1.9241953 1.3845564
958 0.3687802 -1.2215399 1.0453234 1.454226 0.64049166
959 -0.24687009 2.815092 1.1502202 -0.8986097 -1.4678924
960 -0.34673464 -0.043386593 -0.678282 -1.5547371 -0.778144
961 -0.47519666 3.1382217 -1.3877728 -0.7110501 1.104896
962 0.4494618 0.29658023 -0.46209082 -0.7567776 -0.3149824
276 0.7082283 -0.699164 -1.1246357 -0.8310921 -0.14496736
277 -0.16151488 -1.356707 2.7818515 0.6289783 -3.486369
278 1.579701 1.2617022 1.0294827 0.83427316 -1.3676611
963 -0.46611312 0.79934305 0.98109263 -0.43038106 -1.7417592
964 -0.86939955 -0.28030723 -2.0604365 -0.7810963 0.59694767
965 0.28740546 -1.0351042 0.46281022 0.14886865 -0.04291476
966 -0.06027455 0.37243456 0.2611849 -1.0116282 0.06423228
967 -1.0970978 -0.27400678 -0.9274267 -0.35101485 0.18602973
968 -0.14017145 -2.8751001 0.23056231 0.033081684 -1.8237308
969 -0.5834962 -0.3255503 -4.9459893e-05 -1.8864591 -0.22260123
279 0.22463287 0.74555314 0.4300471 0.39680505 0.3769069
970 0.14007443 1.0063434 -1.0814575 -0.36719772 -2.1611173
971 0.59582067 1.2454071 -0.06624443 0.9014104 0.0329972
972 0.33240694 1.796626 -0.6362039 0.5893907 0.6329354
280 -0.24252085 0.6478381 -0.9581952 -0.64784056 -0.25877988
973 -0.8250116 -0.97776127 0.36133125 -0.39594388 -0.03940715
974 -0.9747153 0.5050224 -2.0081868 -0.78559273 0.6567845
282 0.9601083 0.5778916 0.3351663 0.5179388 -1.3465779
975 2.4679189 -1.3087164 -1.629445 0.29324436 0.17108324
976 0.31838596 -1.2770635 1.2692474 -1.9534278 -0.8773921
977 -0.5810397 0.33410254 -0.9176411 -1.1735088 -0.12573305
284 0.45780045 0.060343232 0.8916724 -0.75989395 0.8482065
978 -0.84481025 -0.11849173 -0.34135798 -0.27574313 0.984645
979 0.6583944 -1.272547 0.65300494 -1.2110597 -0.8168368
285 0.5747773 -0.15106171 1.2840807 0.058432 1.2283013
980 -1.4981185 -0.8290581 0.5662673 0.19554086 -2.0821803
981 -0.7120486 0.42681292 1.6287396 0.6275238 -0.5374672
982 -0.13822244 0.24336807 0.8381489 0.9499804 -1.8094605
286 -0.53413904 -1.2113364 0.46573755 1.5682641 -0.86706334
983 0.15684967 1.3901916 0.70231825 1.1111462 -0.33542812
984 -1.6235101 -0.11770266 -0.6880294 0.35914686 0.89642775
985 -0.43314356 -0.42874947 -0.82874733 1.2670622 0.21561028
287 0.108096555 0.65387213 -1.3511018 0.15544534 0.42579302
288 -0.34620574 0.9621647 0.3290026 -0.14109023 -1.1504614
986 -0.20934954 -1.3833951 1.7673818 0.2676616 0.9342369
987 -0.7755093 -1.0729332 -0.04862749 -0.5424044 -2.1802158
988 -0.49023506 1.9137045 -0.22310914 -1.3687088 -0.1206689
989 -1.3072759 -0.82417536 -0.04398023 1.7343794 0.2819316
990 0.7111734 0.4198108 0.6748704 -0.45638958 0.07747021
289 1.9231775 -0.08583857 -0.39650592 0.5844796 0.9244645
290 0.18166077 -1.2504455 0.2583151 -0.35540932 1.2212867
991 0.40945157 -0.55355453 -1.3438596 0.7924077 0.090907626
992 -0.746405 0.23468891 0.5236707 0.4123186 0.59752166
292 0.6508434 0.28478247 0.9997449 -1.5218577 0.8241325
993 0.96731013 -1.6364866 0.6321565 0.65131205 -0.9394482
994 0.38092077 0.38969478 1.5518087 0.25488752 1.3740575
995 -1.7057017 -0.6905077 0.41369995 -0.7437035 -1.0315495
294 -0.93868583 2.6578834 -2.311895 1.8084416 0.25297198
996 0.22416425 -0.8662203 -0.9895474 -0.12659667 0.9680521
997 1.2939252 -1.6517938 -1.1144949 -2.3617508 0.6295138
998 1.0824394 -0.8052959 0.22329532 1.3781888 0.83165807
999 0.54537135 -0.4288672 0.7119451 -1.1603516 0.088429175
295 0.89129794 2.0184216 0.3192365 0.28700745 0.48299116
296 -0.18686791 0.41266486 -1.4911814 -0.7585353 0.3303451
1000 -1.46571 0.03860969 0.30820018 0.07113215 1.1001947
1001 0.7031497 1.2216381 0.14280432 0.98908037 -0.21377933
297 0.91292423 -1.0843922 -1.1775887 -0.50387263 0.14315113
1002 1.082333 -1.3133693 1.9459546 -0.016304746 1.4312242
1003 -0.17624032 -0.034221575 -0.43231255 0.833453 2.6369264
1004 0.24971306 0.25213304 -0.6252665 -0.29590783 -0.9576694
1005 -1.4217892 -0.22900122 -0.84547985 0.37276226 -0.8439174
1006 2.4646897 -0.20021482 0.50522774 2.5268893 0.19239032
1007 0.47170013 0.4910696 -0.84161603 0.49130166 -1.9355984
298 0.9166156 -0.38875735 0.47698414 1.0607752 -0.45645693
299 -1.5515295 -0.96765125 -0.92246807 2.5063689 0.9729585
1008 0.5250507 -0.8625491 1.359046 1.1687714 1.6792955
1009 -1.8813056 0.23842797 0.2943622 -1.7573932 0.32267156
300 -0.17430492 -1.2266337 1.3427678 0.42798993 -0.053188566
1010 -0.21596478 -1.2077959 -1.3716964 0.5002638 -0.8273953
1011 -0.08852534 0.09648451 -0.8074454 0.85025436 -1.3593692
302 -0.25634202 0.9772506 -0.5541371 -1.5729147 1.4532733
304 1.4972887 -0.4504431 -0.5984992 0.28224155 -1.5487019
305 0.8114588 0.5796842 0.6165209 0.6217297 -0.4876472
306 1.3761915 -1.3788 1.2059654 0.28613958 1.1787912
1012 -0.06674017 0.8777818 0.013558004 0.60789037 -0.16485316
307 -0.46802816 -0.36942813 -0.18476127 -0.3819625 -0.064497404
308 0.3142773 0.17083007 1.7645417 1.2609258 -0.8935792
1013 -0.32363993 1.0667462 0.7837617 -0.22035122 1.1835254
1014 -0.15081646 1.3788613 2.1789107 -0.9228861 0.29606134
1015 0.25144434 -0.09141171 0.2991594 -0.63092804 -1.4651916
309 0.24575005 -1.3580842 1.3773143 1.2572448 -0.20333192
1016 0.518739 0.38934284 0.21027787 0.05439731 -0.14074872
1017 -0.49925387 -2.0230792 0.07176106 0.71125406 -0.5405102
310 0.32225835 1.8449745 -0.3319034 -1.8143058 1.8288138
1018 0.44429782 -0.47231898 0.33429402 0.18839759 0.010170017
1019 0.6854332 0.68562496 -0.28303924 -0.7393754 0.037118852
1020 -2.028173 1.6833823 -0.3930298 -2.2996788 -0.4671765
1021 0.032109123 0.7592564 -0.8474622 -0.8242818 0.015099949
312 0.08990049 0.63742703 1.3298743 -1.1014149 0.42326826
314 -0.61422783 -0.5172349 0.89029866 1.7320716 1.9965663
1022 0.7816659 0.18388848 -0.649881 0.644361 0.12805946
1023 0.77866364 -0.18019874 1.0226223 -0.10383676 2.668231
315 1.2080855 1.380785 -0.73892844 -0.7643471 0.45811224
1024 -0.40822732 -1.2901798 1.446307 -1.5448942 -0.46768996
1025 1.8869616 -0.31204304 -1.8600338 0.84590477 0.68445605
1026 -0.71663606 1.2912672 -0.97505057 -0.8037462 -0.2635227
316 0.27995828 -0.539556 1.3888869 -0.45685735 0.610894
1027 -0.9603366 1.7176882 1.5274239 -0.64112484 -0.4443292
1028 0.0596825 -0.18150635 0.36173546 1.107162 0.059784003
317 1.4327228 0.75997 1.034236 -1.1350877 -0.13220674
1029 0.1605172 -2.1198351 -0.6664721 0.73061824 1.1725869
1030 -0.061395053 0.9716658 -1.400972 -0.8140451 -1.4937185
318 -0.16285415 -1.9181195 2.421704 1.9739453 1.0402895
319 -0.41609836 -0.91246027 -0.33820662 -2.0699153 -0.84278375
320 -0.42321727 -0.9072579 -1.2498102 1.1896417 -0.30351102
1031 1.6709375 -0.82631433 -0.25076762 1.9987837 -0.73615146
1032 -1.4219662 1.4910156 -1.0997581 -1.0828533 -0.19523124
1033 0.6521347 -0.19307293 -0.41446695 1.1985717 -1.5675395
1034 1.5342896 0.24127783 0.49903366 -1.752474 -1.5343205
1035 0.10556726 0.41840163 -0.6753448 0.97344214 -1.0233471
1036 -0.0037591765 -0.8349016 -0.48887804 -0.050792802 0.45388418
1037 -2.1160676 -1.0243526 -0.8955626 -1.061277 -1.0982245
1038 0.16549626 0.45595938 -0.7765932 0.21498387 -1.4611379
1039 0.039149377 -1.6054602 -0.6287228 0.85090816 -0.5169524
322 0.15567182 -1.497788 0.32948455 -0.99875414 0.09251692
1040 1.1551188 0.900292 0.8917979 0.07246998 0.6136824
324 0.6603875 1.0691974 -1.2014755 1.1074553 0.8219857
1041 0.5106002 -0.8098929 0.5875015 0.63047194 0.39879003
1042 -0.019195449 -0.15150982 -0.3831954 -2.4091551 -0.10673143
1043 1.1607472 0.9038814 -0.1163362 -0.7182937 -0.30604503
1044 -0.18193054 0.059235126 0.2596957 -0.31387272 0.98043436
1045 0.30597064 0.028495038 -0.39784047 -0.9651201 -0.8991435
1046 -0.9023445 0.19830427 0.5271467 -0.5624028 0.030166287
325 -1.1966499 -0.8001765 0.75187737 -0.69410414 -1.061827
1047 -0.8605743 0.8614472 0.56256044 0.011918544 -0.03238956
1048 -1.5673137 -0.67105997 -0.20176654 -0.7914936 0.8224754
326 -0.6919959 0.41785908 1.6868347 -0.6714383 1.1727495
327 -0.27512184 0.7000178 -0.59364444 -0.93582696 -0.8115448
1049 -0.020444358 0.7090298 -1.4331601 0.10280636 0.114284635
1050 -0.6226624 1.1128596 0.9699591 -0.33895153 -1.1630248
328 0.3154641 0.13148461 -0.4495178 -1.5510013 2.1240761
329 -2.3948863 1.000661 -2.0424943 -1.4780506 0.08389771
1051 -0.36914012 0.5876038 0.5646764 -0.23426758 0.7045184
1052 -0.5855404 2.1932535 0.27598256 0.89165545 0.91802746
1053 0.017294636 0.8983298 0.41285405 0.6445618 1.3074645
330 1.540175 -1.8827071 0.038837895 0.054418765 0.4691298
1054 -0.7383067 0.5724143 0.8633637 -1.0497514 -2.0516076
1055 0.7907608 0.25705302 1.1607342 1.7713692 -0.34207407
1056 0.53988993 0.9422862 -0.5681359 -1.187944 -0.4447537
1057 0.9856587 1.3536206 0.60802126 0.77256083 -0.01353468
1058 -0.92977685 0.043669246 0.15373972 -0.9149379 -0.11717196
1059 0.2914877 0.3632011 0.85415035 0.6498478 -0.44614232
1060 0.20941323 1.0855621 -0.74428064 0.6723292 -1.0023761
1061 0.06516858 -0.0345628 1.0432262 1.3015375 -1.6086681
332 0.17461687 1.8088943 1.0929517 1.93213 -1.0003779
334 2.2582123 -0.9209906 1.232287 -0.5750182 -0.7326429
1062 -1.9513706 0.48134196 -0.7701528 0.5469301 -0.6953319
1063 -2.0388503 1.5324526 0.7292893 0.50097907 1.1307576
1064 -1.1902866 0.28526372 1.5545133 -1.8298198 0.7486235
335 0.40853974 -0.89922714 -0.012510236 1.5338764 -2.3742027
1065 1.4623404 0.89395833 -1.7662765 0.88392454 1.4378272
1066 0.23068628 -0.677169 -1.3824323 0.17946295 1.1286306
1067 -0.12225012 2.7658038 -0.6457401 -0.89284223 -0.44704324
1068 2.6207294 -0.9168713 1.8048564 -0.37560773 0.20872253
1069 -1.2906901 0.4995302 -0.45027876 -0.22524132 0.91068137
1070 0.24255124 -1.5177152 0.689853 -0.57812375 0.59525865
336 -0.08618819 1.6209447 -0.032255795 -0.9806105 -0.008162352
1071 -0.50777674 -0.45520905 -0.25268722 0.5087508 -0.05543867
337 -1.2721113 0.034166843 -0.68851566 -0.6805317 -0.2358931
1072 -0.98898596 0.7439463 -0.9570524 0.32481176 -0.76744384
1073 0.30592114 -0.15966293 -0.018630493 0.48507455 -0.7646938
1074 0.34582782 1.0481437 -0.47110566 0.7689029 -0.11395869
338 -0.2468787 -0.50754243 1.3875148 -0.05084966 0.36398247
1075 0.24923687 0.97236687 -0.20953022 -0.52057517 1.1767193
1076 0.25941417 -0.6585539 0.9007518 -1.3155416 0.037303884
339 0.62543243 2.0720084 0.41446108 -1.5227354 -0.13545923
1077 0.22577816 -1.4117242 -1.9471185 1.1208311 0.8377246
1078 0.53209853 0.78302276 -0.43065882 -0.11975375 -2.4930432
340 0.53603506 -0.34182566 0.6005017 -0.56983924 2.7887607
1079 -0.51913667 1.5351764 0.06439818 0.4984447 0.46988672
342 -1.1999662 0.99899817 -0.5563095 1.002075 -0.18433587
344 -0.939205 2.8539133 -0.8056651 -0.89281833 0.4118403
1080 -0.0017309197 0.5831347 1.5500916 -0.085931905 1.0079726
1081 0.457887 0.09260748 -0.27894604 -1.8920528 0.04610811
1082 1.9395988 0.115481764 -0.2191622 -1.5479064 1.2439417
345 1.4105568 -0.2491597 2.4014256 -0.8602809 -0.116092294
1083 -1.440608 0.34693846 0.848759 0.26435167 1.6310833
346 -0.48031366 -0.05900668 0.3182545 -2.0260794 0.90509826
1084 -1.4203298 0.17327453 -0.73316574 1.2290595 0.4746554
347 0.81713974 0.67644966 -1.2653991 -0.65961456 1.3314213
1085 0.5040554 1.2042962 -1.3887633 1.2371402 0.11414753
1086 0.27716187 -0.27954924 0.19722669 -1.6958662 -0.11640149
1087 0.6608192 -0.24702324 -0.20152052 -1.6018776 0.71229446
1088 -1.2759258 0.27550605 1.2367868 0.01998902 1.1837634
1089 -0.13700575 -0.6179773 -0.95811874 0.13689688 -0.2073083
1090 -0.17792504 -0.23111354 -0.55166674 0.49407697 2.577639
348 2.1925268 1.0605421 0.15100327 -0.26068482 0.8410755
1091 -1.463532 -0.8927066 -1.2338233 0.7601737 -1.4367026
349 0.07714633 0.05553743 -0.023652235 -0.5706441 -0.00590483
1092 1.113722 0.6754944 -0.5859793 2.2659276 -0.25091085
1093 0.7365102 -0.06328277 -2.054841 0.17559804 -1.0158571
1094 -0.4991497 2.2093425 0.7763512 -1.1237706 0.65481776
1095 -0.58065015 -1.9127198 0.8705458 -0.5076234 -0.26511642
1096 -0.7898502 0.8828466 -1.4568868 1.0678084 -0.22649722
350 0.4185042 0.302479 2.0993478 0.59214693 0.81240666
1097 -0.4706356 -1.4573104 -0.46190402 -0.49208844 0.25976798
1098 -1.7140256 -2.1658468 0.94665027 -0.7970673 -0.031868175
1099 2.21915 -0.7191101 -0.9480562 1.3917559 -3.0154538
352 -1.6105589 -0.2651029 -0.0237017 -1.9980226 0.30953428
354 1.1654934 -0.57181484 -0.32021967 -3.2776513 -0.8740307
1100 -0.77946997 0.682044 0.54832464 -0.47029606 -1.6573944
355 -1.5195515 -0.9924199 -0.22063167 0.82268906 -0.2912554
356 0.27118006 -0.6173605 -0.24162506 -0.08767772 1.6692585
357 0.2550275 0.07274351 -0.6605453 0.25404763 1.3546525
358 0.033616886 -2.1012912 -1.0462298 -0.06910816 0.3948882
1101 0.4953397 1.1163961 0.7997334 1.831004 0.8764847
1102 -0.50442916 0.08033906 -0.33484238 0.52645814 -0.6609173
1103 -0.55401844 -0.4865179 -0.35696366 0.2901999 -1.2782025
1104 0.026325587 0.18678729 0.18096659 0.3189891 0.2807158
1105 0.5021 0.6617412 1.2374718 -1.129116 -0.936344
1106 -1.6180495 0.78680044 1.2535429 1.4477264 1.4212492
1107 -0.014456861 2.1634002 0.73373806 -0.19238412 -1.777421
1108 1.0965945 -0.6651934 0.67559415 -0.78680235 -0.016139654
1109 0.22152294 1.3773512 0.29356086 0.8675848 -0.37904888
1110 -0.73791444 0.657966 1.188766 -0.2964113 1.155188
1 0.03153956 0.071065776 -0.56540865 -0.6134159 -0.72863173
3 -0.7458271 -1.1126653 0.3196298 0.9325432 -0.569131
11 -0.56157374 -0.55593437 -0.85015404 0.7410916 -0.8626531
13 0.7068457 -0.064291246 1.0647621 0.9204515 0.079978496
21 -0.0035317983 -1.1828104 0.90964496 1.2571474 1.19512
23 -0.5569092 0.53711545 0.3527992 0.2050061 0.66323906
31 -0.34279546 -0.71000147 -1.6030482 -0.7358518 0.5503337
33 1.0885714 0.22207354 -0.13070175 0.097424194 -0.4390291
41 -0.35184973 0.2890269 -0.57716775 1.1262759 -0.07230954
43 -1.2463648 0.15061621 -1.3720874 0.5509893 0.17234369
51 -0.004990206 -0.25179076 1.9492147 -1.2137903 0.52420986
53 -0.65228665 0.49018487 -1.0575893 -0.28871152 0.18775499
61 -1.1295501 0.32927576 0.66102093 0.5023519 -1.4393007
63 1.5202067 -2.336976 -0.75362414 0.94495034 1.0972586
71 -1.2386473 0.12997341 -0.16092992 0.9624214 -0.9890275
73 -0.8868447 -0.45487604 -0.5513868 -0.35900426 -0.054035023
81 0.90337044 0.057715632 0.84825337 0.89489967 -2.2001748
83 0.43817076 -0.8990695 1.4602346 -1.0756034 -0.826217
91 0.19617298 0.9944869 0.82161707 -0.5491343 -0.042044055
93 0.16653979 1.0286585 -1.1240995 1.7685564 -1.5843881
101 -0.38641658 -0.5709612 0.83618104 -0.98532546 -0.046708424
103 -0.67303914 -2.5970278 1.6021916 -0.85751224 -0.1031171
111 0.011878068 1.569816 0.77791286 0.031828523 0.8483129
113 0.60640544 0.5512004 0.9847806 0.8185091 -2.1654975
121 0.5320829 -2.6959174 -0.7983622 -0.4147095 -1.2583529
123 0.3575263 0.7643838 1.3040285 0.454364 0.4999149
131 1.6780887 0.6634795 -2.9407492 -0.96266055 1.1655024
133 0.69458574 0.0337529 -0.44737214 -0.34743178 0.9811948
141 -0.36602244 0.6972111 -0.33216956 -0.15232211 -0.52719617
143 -0.9743652 0.98905295 0.20625141 -0.30277947 -0.37507612
151 -1.2639341 1.589059 -1.0476918 -1.1550986 0.17299038
153 1.9406036 -0.07123775 -0.7291469 1.871708 -0.119025625
161 -1.322092 -0.23930156 -1.6961995 -1.5871872 0.2724335
163 1.8182087 0.38812834 -0.61789143 -1.0423248 0.3068596
171 0.13374951 0.7624677 -0.54199404 -0.42446056 0.2827559
173 -1.1364549 -0.064121194 -1.660652 0.97670656 1.1195045
181 1.270769 -1.9486803 -1.3111188 1.7825351 -1.234285
183 -0.83065087 -0.28824222 0.8051703 1.5161891 1.8455178
191 1.6448478 1.4010277 -2.0781794 0.95840067 -0.47483817
193 0.043938793 0.08310669 -0.18936817 0.23774856 -0.64953154
201 0.3567322 -0.5354453 0.49573994 -2.011114 -1.1354346
203 -0.99054384 -0.51385224 0.9456804 -0.20419352 -0.59306043
211 0.46045056 0.13393943 -1.6837432 0.32637468 2.3678286
213 0.57844776 1.497237 0.033762958 -1.3245937 1.8035254
221 -0.8248318 0.43486738 -0.54046494 1.339743 0.27345672
223 1.628633 -0.3591789 -0.6297062 -0.6028846 -0.50297654
231 -0.5537496 -0.17821775 -0.6368558 -0.70358604 0.22561996
233 -1.428661 1.1398326 1.1329412 -1.6234341 -1.8900464
241 -0.4269735 -1.3783417 0.22928257 0.5547901 0.9455922
243 1.2519709 0.92322856 -1.1766137 0.58547574 -0.59097
251 1.1165514 1.4262439 0.9024783 0.44843286 0.6248523
253 -0.40643412 -0.0765589 0.16279955 -1.3768766 -0.35839808
261 -1.026457 -1.3645113 0.98786175 1.1355315 0.28077364
263 0.19115312 -0.57520276 0.9788849 -1.9529817 1.034399
271 -1.8531545 -0.84168154 1.1281729 -0.911104 0.42336193
273 1.4862205 -0.20164764 0.33850986 1.4694693 -0.6492883
281 -0.036726296 -0.1112205 0.66290504 -0.530405 1.2525246
283 -0.97776264 1.2258747 1.7874224 -0.213213 0.27417827
291 -0.44869545 -0.4375836 1.1229731 0.17984878 0.20078012
293 -0.74966216 -0.6833363 0.018553618 -0.18544683 0.39238977
301 -1.3979605 -0.31846815 -1.2672806 1.5571971 -0.21776153
303 -0.722028 -0.34160066 -0.082963996 2.0733552 -0.83882904
311 1.2237457 0.9166612 1.125224 1.300005 -0.30558798
313 -1.5026481 -0.7037348 0.7776824 0.97549415 -0.3368598
321 -0.85256535 0.26053452 1.0943307 0.1564786 1.4713315
323 0.8996809 -1.2411015 0.194678 0.47413412 1.2093697
331 -0.22922577 -0.09343437 0.3335705 -0.23690434 -0.6702092
333 -0.10722171 -0.12273471 -0.19231771 -1.8776299 -1.095541
341 2.1166573 0.8167106 -0.6242598 -2.7859414 -0.25278166
343 0.05818567 -0.48455963 0.18814717 -0.33533773 -0.13111031
351 1.5661833 -0.9828475 -1.3022242 -0.7288498 0.7658284
353 0.41861087 0.103641376 0.79823947 1.0941974 0.3782123
